92;66
43;31
2;15
22;79
68;23
31;31
96;59
57;7
77;88
93;88
61;99
32;92
40;54
43;88
95;18
2;1
14;86
15;40
99;28
31;49
56;72
5;6
38;36
25;43
22;29
18;47
79;100
29;72
39;40
20;91
57;64
43;77
27;3
90;81
48;100
83;45
42;78
35;60
47;78
56;99
13;61
44;67
17;60
59;6
37;94
20;50
100;41
58;70
21;60
87;48
35;94
100;46
67;7
5;74
3;92
17;38
50;27
81;43
34;59
21;7
75;60
80;55
3;75
15;89
28;100
12;79
33;58
58;59
3;6
47;10
8;75
9;94
57;23
22;100
50;84
12;27
72;73
23;30
20;41
35;15
37;46
45;38
26;92
66;15
6;48
37;15
59;3
93;39
64;92
60;22
86;38
1;72
99;64
89;31
8;28
47;32
56;59
92;27
95;57
69;80
26;4
91;61
88;18
93;58
82;48
95;41
36;33
30;82
72;11
84;33
10;80
50;85
9;85
7;52
37;18
36;50
77;93
93;32
74;67
64;83
51;10
12;2
26;3
16;19
64;53
95;95
85;49
86;23
56;6
42;51
35;44
47;28
5;46
52;52
92;99
56;83
81;69
35;39
1;47
88;25
77;28
93;19
39;15
36;70
14;66
3;72
42;53
97;71
42;77
15;92
31;32
16;57
26;83
63;73
64;19
76;60
98;92
71;96
46;49
35;42
10;74
78;42
15;2
69;28
88;58
61;24
49;84
72;26
43;99
31;11
14;67
77;98
36;67
4;88
66;23
29;72
64;85
86;23
68;13
6;2
72;25
100;23
5;74
32;7
80;13
35;38
39;53
2;17
32;12
37;6
45;55
78;52
94;36
72;25
50;29
74;96
74;97
5;89
48;22
58;8
48;48
99;98
25;16
36;12
75;18
66;8
64;93
60;12
98;100
40;39
21;75
36;35
16;26
78;18
45;24
98;83
5;44
6;2
41;69
73;62
87;38
54;29
57;31
95;78
69;40
22;4
77;6
73;27
90;26
23;15
89;98
70;49
60;22
36;17
66;95
48;38
66;50
12;88
42;52
4;67
5;26
97;45
38;99
55;84
69;16
34;42
23;42
73;71
17;71
48;58
51;96
37;42
80;43
84;6
12;2
6;30
31;15
52;64
55;97
97;74
97;95
93;75
60;2
78;25
29;69
77;72
47;86
99;76
39;19
47;40
95;91
23;17
73;26
6;25
95;61
55;86
23;43
30;81
28;12
32;48
86;22
91;44
71;65
36;3
16;56
37;11
6;47
60;69
2;67
62;74
65;78
67;68
59;27
57;87
93;29
19;38
95;52
40;17
58;71
51;80
57;65
33;77
3;60
14;87
100;12
92;47
27;4
56;24
84;20
18;72
24;83
80;98
78;47
61;77
21;70
11;50
82;1
10;96
74;36
74;3
59;11
70;17
15;60
81;19
87;53
1;9
63;35
47;47
39;9
43;14
20;58
50;45
98;78
64;25
62;64
92;38
44;81
53;21
32;8
30;93
24;64
73;13
29;9
4;88
31;4
13;20
30;10
21;91
91;54
74;94
69;26
42;46
87;52
51;55
67;28
71;57
63;47
93;52
36;30
55;89
28;27
70;54
14;57
83;89
54;28
2;71
53;11
14;66
53;26
98;86
62;31
85;84
93;88
94;32
68;21
90;4
99;24
15;10
83;28
35;70
83;81
44;46
34;79
43;73
92;73
51;53
34;79
23;66
23;22
52;33
91;32
55;8
66;71
31;52
26;78
8;13
93;63
8;61
98;80
95;72
70;62
42;49
26;56
44;79
30;95
57;17
19;25
10;39
25;69
75;59
54;43
71;58
75;62
45;10
39;55
88;23
35;77
96;68
16;13
67;95
64;39
37;49
52;45
45;94
41;42
99;6
89;25
29;11
70;36
19;17
87;94
90;53
41;78
10;23
27;63
31;85
12;46
84;15
96;68
65;84
78;30
39;4
30;43
36;12
87;81
59;45
22;56
1;89
74;37
8;17
90;37
4;49
29;53
77;85
5;48
71;4
73;24
55;67
11;5
28;93
66;18
93;74
57;33
39;97
24;63
84;2
34;66
54;62
80;76
23;84
45;99
1;42
56;72
71;10
19;20
47;44
30;62
5;21
41;72
77;97
25;88
90;85
46;38
53;13
69;70
59;64
52;61
92;17
48;93
49;60
12;90
34;94
98;95
10;40
25;38
95;93
88;3
37;59
63;55
26;45
4;51
56;25
23;26
44;4
34;17
47;59
90;42
72;57
17;86
6;92
42;66
24;91
62;97
98;58
35;63
83;84
3;67
28;33
37;45
26;11
40;79
99;16
10;72
77;71
66;83
5;67
23;44
32;38
33;70
85;63
23;91
49;44
88;33
68;7
20;77
40;52
99;26
35;56
74;62
16;36
96;62
64;37
72;20
16;24
31;37
90;59
36;13
75;5
70;2
95;54
18;37
93;88
83;84
30;25
67;36
23;27
98;23
23;13
17;97
76;36
87;50
33;12
52;30
77;11
61;87
71;84
63;63
5;36
56;66
34;23
14;8
88;62
47;50
36;27
45;79
78;16
55;94
9;2
22;11
48;41
3;44
69;43
91;2
41;100
10;7
35;52
9;93
88;80
42;7
43;38
33;91
16;22
24;30
75;27
68;8
82;16
36;2
43;21
31;78
55;4
6;68
82;17
13;8
56;17
50;28
65;41
70;87
12;73
57;25
73;95
39;63
97;91
77;81
6;9
43;28
23;12
73;28
10;97
8;58
8;49
64;76
48;59
26;19
12;28
73;55
4;21
27;6
42;27
92;87
53;63
15;61
71;7
41;87
80;81
93;35
93;79
8;33
32;42
67;15
16;81
93;23
55;32
99;36
80;34
78;4
12;60
96;10
33;80
89;72
23;84
81;56
54;8
1;15
26;50
6;13
80;13
43;86
65;13
39;23
75;90
88;41
75;57
23;70
91;60
33;67
30;82
45;36
17;74
26;79
70;98
82;44
13;52
14;57
21;76
93;83
71;77
95;76
88;44
90;66
82;78
97;38
64;81
67;15
76;27
44;99
15;92
43;11
95;23
32;18
56;26
79;48
11;38
16;55
98;77
71;13
82;12
67;49
95;3
22;26
5;87
10;77
65;74
24;32
92;38
98;94
51;20
100;70
80;85
43;80
43;72
15;47
20;16
63;95
50;59
62;89
52;78
12;92
74;2
90;89
89;19
89;96
86;37
74;21
7;84
67;5
81;58
54;4
2;13
45;11
98;93
14;4
9;51
36;81
39;44
95;55
30;14
1;38
46;22
32;74
22;35
24;49
67;10
41;29
31;33
93;43
86;96
56;43
1;30
64;79
89;11
85;52
7;71
75;34
61;25
75;66
76;71
58;15
88;82
74;93
65;54
51;98
26;3
91;8
38;51
25;21
14;60
63;91
95;14
85;63
99;55
90;28
16;42
57;22
45;75
52;66
94;26
48;12
77;3
53;3
68;26
43;31
79;9
91;83
99;93
15;12
89;90
75;56
90;58
35;64
65;87
10;45
69;37
22;12
50;14
53;68
50;58
37;70
27;57
56;82
23;45
22;72
45;83
28;13
9;83
6;25
57;100
55;61
41;31
44;49
25;95
15;77
74;5
15;24
64;83
6;67
58;2
66;14
81;16
32;30
70;14
53;37
98;23
29;59
35;50
19;56
64;32
82;29
42;66
29;4
10;64
81;51
99;92
10;60
37;70
16;56
52;21
70;73
98;94
87;85
56;36
11;99
7;16
52;30
91;59
39;21
88;4
55;61
2;28
12;5
45;74
33;30
11;56
89;91
99;48
22;42
100;97
56;91
74;83
65;56
31;4
33;32
1;78
48;78
56;96
63;61
70;6
94;25
55;15
98;86
24;52
69;21
90;8
13;94
99;32
79;3
3;8
17;32
6;59
100;14
58;73
41;7
17;31
43;22
55;80
12;78
85;56
37;5
31;14
41;20
90;5
82;40
28;89
89;88
17;37
63;34
23;31
5;82
95;10
70;79
59;78
36;71
99;22
1;51
19;48
63;89
58;18
8;2
35;96
57;29
79;11
53;37
12;45
22;26
48;36
37;17
64;20
92;62
24;19
65;9
98;44
40;12
40;43
41;97
17;12
35;26
37;68
32;80
73;22
41;100
57;15
34;46
59;45
48;86
76;75
63;14
61;96
42;41
27;51
53;12
77;87
38;85
38;65
3;33
36;83
73;14
25;15
5;57
29;75
49;38
82;69
7;51
8;98
1;43
35;20
13;47
37;40
62;45
61;96
96;81
27;96
5;34
73;17
95;62
38;29
8;88
26;65
46;93
76;35
28;72
47;67
69;86
87;99
3;41
13;35
87;89
9;90
61;38
81;83
82;80
73;52
95;21
33;23
27;77
53;91
15;68
1;12
45;5
15;47
50;47
41;8
67;17
64;3
37;56
73;83
41;25
27;16
39;72
47;84
75;33
61;22
96;67
89;50
57;29
96;76
13;93
79;30
79;69
6;15
59;84
99;46
88;29
66;56
63;36
95;64
84;6
58;1
79;10
62;14
92;2
36;50
93;2
61;19
21;87
55;25
30;33
55;54
24;69
20;79
32;81
13;96
30;55
52;31
78;41
39;62
96;100
97;56
42;66
66;16
37;5
93;60
91;14
29;53
54;81
23;93
39;61
84;43
27;13
24;62
67;85
34;23
50;86
78;55
8;12
73;5
56;94
1;98
95;3
65;54
71;98
86;63
88;12
46;28
45;91
75;35
41;100
77;84
76;57
22;27
85;60
19;3
17;67
20;96
86;26
5;77
68;50
81;61
9;6
62;87
61;40
17;48
47;23
12;47
22;94
4;82
54;55
41;4
26;19
14;20
32;39
43;87
12;18
6;87
44;41
44;11
78;53
38;81
81;56
21;17
12;3
57;20
93;76
43;40
59;2
21;40
32;24
52;59
67;53
23;91
90;17
25;23
42;61
7;42
77;9
74;58
55;53
6;34
25;90
16;41
13;95
78;24
37;54
96;17
81;45
17;97
7;19
11;34
4;14
35;65
54;74
86;80
65;16
36;42
88;85
76;57
44;51
60;73
7;66
79;9
18;95
76;18
52;20
60;28
23;12
77;14
8;89
54;98
75;16
58;92
21;52
15;25
72;97
68;71
86;43
66;89
70;32
95;19
77;30
48;99
16;63
55;55
64;30
82;35
3;7
32;19
15;41
43;55
86;31
91;29
77;20
18;61
1;21
25;52
22;40
69;97
68;91
17;46
83;63
11;42
92;74
55;25
75;90
9;70
10;52
7;59
25;57
20;73
38;99
47;88
50;71
91;16
30;27
26;24
84;71
57;19
80;16
15;8
52;39
33;50
92;57
45;31
48;52
62;7
28;32
67;50
39;27
51;40
16;37
7;2
13;72
88;42
68;63
75;87
95;58
64;56
94;37
41;77
41;81
71;52
96;43
76;7
85;80
75;8
87;92
82;57
45;48
80;32
2;24
18;5
1;41
6;84
32;68
88;33
18;51
29;97
54;98
75;85
28;43
1;10
67;38
98;45
42;99
16;96
16;35
85;26
21;66
67;81
79;72
98;5
14;53
62;53
7;9
20;64
76;86
36;54
25;92
33;57
87;22
34;34
88;68
7;18
8;18
73;93
12;56
19;60
27;30
100;84
34;72
22;11
46;83
61;59
8;89
100;75
33;84
65;50
29;56
71;90
50;16
69;98
15;31
5;1
4;52
55;80
90;6
12;18
67;31
12;42
57;72
44;73
70;89
86;77
30;89
75;16
45;42
18;25
29;80
95;77
42;94
23;53
42;16
33;51
72;18
29;23
66;83
70;74
59;53
49;66
53;60
93;71
99;90
18;7
62;32
18;65
82;8
34;45
98;20
62;81
98;6
89;24
68;52
40;25
66;46
30;33
99;52
20;64
75;18
43;1
96;15
78;86
38;38
47;31
39;99
61;17
77;43
22;42
24;1
83;11
15;16
2;27
73;8
70;52
91;18
26;74
56;50
39;45
8;10
46;48
9;32
81;53
2;14
20;31
60;27
91;73
39;80
47;98
14;65
28;80
4;34
75;17
12;32
37;41
10;98
74;74
43;34
27;45
33;67
72;76
16;12
20;17
22;3
40;45
48;23
88;71
1;4
5;33
48;16
5;36
91;9
71;71
77;12
91;86
28;66
34;33
46;11
17;55
64;18
9;25
48;87
13;36
40;29
90;3
42;15
81;48
37;28
50;22
81;2
4;83
56;66
42;65
21;45
81;8
66;34
52;55
43;95
14;24
62;94
44;1
71;91
47;51
34;64
89;96
90;40
81;90
12;39
3;50
89;21
97;26
67;88
90;69
6;65
24;92
99;39
46;10
4;87
80;8
16;91
19;55
58;13
55;9
39;67
37;49
14;58
11;96
19;78
83;4
63;13
92;61
46;32
42;86
47;73
14;64
36;44
54;73
7;56
5;98
23;13
95;48
19;30
47;88
87;19
15;68
68;1
71;12
66;13
74;8
52;12
59;100
17;40
8;38
81;76
78;6
45;81
54;70
100;49
38;94
66;82
87;30
10;6
29;9
92;50
59;8
48;95
48;23
34;75
46;85
65;37
34;36
20;1
47;41
10;33
57;78
80;54
80;92
38;35
34;71
54;41
25;73
25;75
17;2
42;55
86;43
36;75
17;54
44;58
45;85
81;74
90;59
92;5
72;35
87;71
36;13
94;17
55;64
35;37
81;37
39;61
29;17
58;74
46;66
72;68
65;8
18;33
31;3
35;88
56;56
82;10
34;27
14;38
67;91
23;45
87;28
38;69
40;82
47;53
73;52
59;1
88;66
44;95
22;14
31;26
45;77
11;46
60;39
69;87
37;44
18;23
1;4
76;8
65;13
67;74
23;81
16;100
34;61
57;72
54;64
50;8
76;3
27;89
14;23
8;46
23;49
14;98
60;52
48;47
30;3
64;59
22;60
56;69
34;77
11;21
56;5
93;55
73;47
52;71
17;4
65;53
34;82
25;68
44;85
6;63
5;77
87;79
10;89
20;13
43;51
74;43
8;87
17;5
97;59
36;38
83;60
1;21
24;74
61;17
92;88
25;8
53;35
100;6
38;71
23;95
87;84
1;87
11;31
75;68
60;29
80;99
88;50
94;70
66;67
84;39
38;4
97;16
74;30
84;64
85;38
29;97
47;82
85;7
69;2
46;78
96;1
52;35
84;24
51;62
77;31
42;62
96;83
80;32
8;6
63;84
58;4
70;36
44;4
97;77
13;12
62;4
34;70
49;42
38;37
50;65
48;41
11;9
88;13
36;75
41;84
57;16
40;33
83;13
33;55
11;83
5;40
42;39
71;6
30;3
41;89
20;6
100;12
58;36
82;56
74;79
95;79
50;71
19;19
42;7
75;86
21;75
91;26
71;71
55;95
30;85
79;93
67;39
23;61
60;1
97;37
91;33
77;70
51;70
94;27
65;52
18;3
87;86
84;50
79;7
42;100
35;76
41;37
43;88
43;88
83;85
41;82
6;18
30;48
44;57
2;93
91;71
20;100
13;22
98;31
26;68
63;69
77;69
42;50
54;28
66;98
30;69
69;7
19;14
30;63
38;15
22;65
63;27
25;90
6;40
33;77
36;68
30;58
63;52
74;44
26;90
1;69
51;12
26;93
67;4
30;12
19;44
31;12
98;45
34;81
99;32
89;3
84;42
46;61
23;33
98;46
32;60
66;60
60;12
78;25
92;100
14;44
73;3
79;63
3;35
78;94
93;30
77;33
1;41
71;13
82;97
35;8
2;43
10;86
41;7
29;88
33;20
59;5
59;70
58;39
56;22
49;100
14;66
10;47
69;61
8;38
35;42
36;64
50;9
55;72
80;96
95;7
20;36
90;90
20;61
51;90
57;11
44;71
13;63
71;68
9;80
71;18
34;29
66;29
49;8
91;8
94;26
1;15
17;55
74;66
73;76
40;58
36;14
39;80
81;72
64;84
75;16
71;41
35;98
93;52
34;14
93;72
34;17
58;72
30;3
13;85
61;1
17;86
46;29
65;27
91;12
42;11
19;57
82;79
50;84
15;6
15;21
48;64
58;29
51;3
33;91
2;9
92;49
28;9
58;51
86;17
80;28
19;93
68;100
5;41
95;17
38;66
97;100
16;78
8;98
26;4
40;39
1;99
28;47
22;1
4;65
91;65
19;97
25;74
34;33
27;29
10;69
100;37
43;5
90;72
93;22
13;38
90;31
67;86
74;86
63;42
94;8
18;45
38;3
54;28
48;55
90;4
55;35
100;21
8;8
100;10
62;13
21;25
88;97
62;66
1;66
14;58
69;89
27;97
81;80
91;65
36;72
46;67
81;63
13;39
30;60
68;79
95;10
14;60
60;17
59;93
83;45
16;14
86;7
14;94
54;70
60;70
52;14
6;86
1;92
63;28
45;82
34;11
70;76
65;74
36;20
89;36
71;21
98;49
17;51
9;3
59;91
7;77
65;40
17;14
75;100
89;35
26;47
45;82
85;99
7;94
54;91
15;41
67;74
32;98
1;26
2;37
70;12
97;10
88;96
18;17
24;9
28;49
8;24
46;17
21;63
32;66
19;95
57;72
76;87
39;3
58;60
13;14
89;14
10;8
3;27
19;98
81;47
98;94
21;77
11;75
69;66
84;48
72;7
20;48
86;65
74;83
76;83
37;96
80;18
36;52
16;56
50;10
47;26
30;4
82;98
53;76
75;16
15;76
52;75
23;14
13;89
95;46
81;4
19;93
55;29
78;17
42;87
10;100
45;25
50;77
18;54
25;53
35;68
9;57
36;12
99;37
87;52
33;7
98;81
20;76
97;27
8;98
2;59
37;46
89;79
22;23
87;70
23;59
45;92
37;24
47;21
24;4
55;64
28;58
74;8
67;55
93;10
92;71
12;60
61;39
36;95
14;93
13;40
70;77
93;72
24;39
23;23
55;81
92;89
21;65
65;30
11;15
64;19
62;13
84;57
56;20
40;23
89;78
17;34
65;39
74;46
39;25
1;42
1;9
39;59
64;98
49;61
40;37
35;78
89;52
96;28
66;48
63;51
36;89
88;85
95;71
5;92
99;75
43;99
60;64
93;38
74;9
98;83
68;10
21;33
40;61
32;92
70;51
13;83
76;24
15;83
50;6
25;26
64;91
96;65
24;12
33;67
85;6
12;62
38;74
67;94
60;31
96;11
86;43
27;72
27;84
52;32
44;72
3;58
27;45
39;35
14;82
37;93
82;1
37;40
88;21
72;6
31;52
95;57
61;36
16;77
60;67
76;43
3;63
73;68
62;77
90;16
80;85
2;14
84;69
21;58
26;89
52;83
76;74
78;28
97;72
58;96
38;18
82;24
63;10
98;39
10;32
11;64
42;92
43;22
47;21
99;91
65;11
49;52
84;85
24;49
73;96
74;84
72;49
52;43
41;71
94;53
67;88
46;52
41;82
75;68
45;16
20;70
32;38
92;75
1;43
22;80
3;39
10;30
69;19
39;85
84;51
22;35
42;64
1;16
83;22
53;18
99;41
85;8
16;41
68;57
18;69
16;43
40;86
28;63
17;67
73;52
79;86
24;87
39;100
94;99
2;14
96;37
24;17
16;99
26;38
75;5
93;9
86;83
9;15
92;48
9;48
46;86
70;87
44;2
66;21
85;76
12;24
92;5
92;100
77;81
51;3
19;44
50;11
70;53
90;84
52;17
93;21
51;61
85;74
34;6
72;36
35;51
52;78
44;93
41;36
25;10
52;5
74;2
7;43
37;35
71;30
74;7
24;56
69;89
81;1
8;27
22;52
15;91
46;83
61;68
42;59
53;95
2;81
27;71
59;77
72;94
57;21
38;42
71;37
20;55
12;2
25;39
86;61
12;58
95;49
72;52
81;52
43;45
97;60
69;45
85;21
14;34
32;7
36;9
25;97
48;20
86;22
12;41
62;48
56;47
17;64
45;98
44;93
69;73
5;83
63;34
16;72
5;53
18;53
85;70
82;16
23;8
57;58
2;90
91;98
36;93
23;76
64;21
28;72
54;38
84;50
96;48
61;68
88;4
10;76
2;75
54;97
11;100
85;13
65;99
12;56
69;34
7;15
82;5
17;84
66;28
52;28
41;74
10;36
20;31
60;55
82;7
49;44
69;38
11;45
40;66
42;69
25;48
43;85
95;45
61;68
55;93
23;7
79;88
33;77
76;86
74;42
94;25
72;78
57;10
33;95
94;88
29;8
30;34
100;14
89;5
73;59
100;35
50;9
77;90
49;82
38;9
99;73
4;19
15;36
31;57
47;80
9;47
38;98
39;49
11;69
90;63
97;31
19;62
49;7
13;1
20;82
49;63
97;27
27;58
85;40
13;5
6;29
28;82
62;52
61;21
7;39
97;64
50;43
37;4
63;34
7;47
10;83
57;48
62;95
56;12
8;50
15;42
88;66
92;96
46;12
24;12
51;97
99;71
40;89
85;60
22;78
39;72
20;71
86;40
41;76
6;27
27;19
38;76
21;4
55;63
98;12
48;54
67;60
55;55
35;90
65;66
46;85
76;83
25;80
48;62
65;3
95;98
73;48
49;94
65;30
25;9
92;67
67;22
8;18
52;4
6;66
23;73
39;62
87;86
9;6
48;25
40;24
87;52
76;57
27;86
94;92
50;81
89;26
1;85
38;23
17;80
42;7
89;40
24;61
50;27
71;72
81;25
24;30
40;87
39;4
33;27
44;40
49;47
13;50
70;38
91;20
20;100
71;27
43;22
97;79
11;68
64;4
91;16
65;41
25;83
71;92
59;74
55;4
86;64
38;1
89;84
15;5
5;36
12;7
49;11
85;49
88;39
57;28
80;82
45;43
87;16
100;66
79;100
16;5
85;62
8;96
56;84
44;51
93;94
69;77
96;41
29;45
45;2
47;10
91;57
57;33
7;29
63;46
28;15
18;10
61;76
3;52
67;98
80;32
47;51
48;69
60;50
55;25
27;45
37;52
26;95
65;76
15;75
61;92
63;17
99;25
39;12
32;31
91;95
19;89
25;27
27;50
23;7
94;62
47;11
95;44
39;43
29;82
2;40
25;34
10;50
26;88
80;40
57;25
17;92
49;91
3;81
90;46
99;68
12;32
44;13
67;34
51;81
53;11
3;64
89;61
21;88
14;29
99;32
71;68
86;39
55;49
58;97
75;84
27;97
86;62
30;88
100;49
53;56
63;95
38;55
78;50
90;88
43;63
52;17
4;49
42;17
65;73
86;1
56;76
62;6
66;35
100;29
44;64
52;40
93;70
31;29
73;24
69;62
29;35
54;63
77;15
23;20
91;95
69;33
72;5
96;94
90;56
40;36
83;39
98;46
53;60
73;35
41;1
91;58
83;97
26;95
82;79
45;75
52;93
24;100
15;17
13;47
28;88
72;73
22;19
66;34
3;30
92;14
35;41
61;74
86;84
74;13
89;1
6;65
44;24
87;57
89;67
65;14
69;33
90;52
96;24
1;12
92;66
25;76
71;70
48;94
29;18
72;33
79;30
85;24
92;11
71;38
30;71
97;27
18;99
14;92
47;68
90;68
8;63
25;92
69;57
62;6
15;68
16;13
16;82
72;56
34;89
6;53
75;16
57;10
98;46
59;33
77;79
87;4
38;43
69;63
28;39
49;93
77;74
72;40
89;11
35;39
72;84
89;47
69;18
31;18
29;33
38;8
8;59
38;50
70;8
2;11
75;76
89;61
13;49
73;24
53;28
20;26
24;44
18;65
83;78
98;32
94;28
66;93
86;73
62;24
37;59
37;72
77;46
69;56
46;64
79;65
96;15
66;87
21;14
50;15
40;30
99;4
79;26
10;14
52;15
59;41
95;17
80;47
47;4
66;54
69;54
64;35
80;47
30;1
63;47
67;68
37;46
83;66
16;100
34;10
8;79
76;89
18;64
16;72
32;57
11;49
47;67
56;87
69;10
92;84
31;9
12;86
80;14
82;83
91;24
48;62
80;13
43;64
34;54
57;7
29;51
16;61
81;75
27;19
55;83
24;98
40;65
13;14
40;39
83;76
70;43
57;89
25;56
86;98
17;34
78;9
86;72
23;70
69;88
94;26
73;68
19;45
66;30
3;67
44;78
54;52
84;50
98;49
89;63
63;11
83;90
69;19
92;66
37;80
90;99
30;23
27;61
25;52
2;72
51;40
16;86
100;73
90;95
98;78
72;22
27;46
4;48
25;90
24;30
66;82
41;66
59;14
9;1
85;24
9;64
29;1
87;96
16;77
60;51
76;1
59;87
33;75
80;24
73;70
24;12
26;50
22;95
26;32
13;79
41;75
20;63
64;50
5;96
74;51
1;18
82;13
75;68
60;11
11;83
1;17
24;71
44;22
76;98
87;35
8;36
26;19
90;22
64;73
37;70
69;75
26;84
67;28
58;96
90;98
75;23
14;52
88;24
18;60
86;61
80;79
61;55
88;60
36;98
82;15
11;23
25;40
42;46
58;47
25;96
27;2
14;84
29;81
73;35
80;44
88;54
46;89
64;35
97;27
94;36
82;67
21;60
10;6
90;90
81;87
79;51
72;7
36;67
96;82
79;40
19;61
31;41
27;90
34;60
49;33
8;28
22;25
76;86
57;35
71;90
16;55
60;58
19;30
50;66
35;13
48;4
7;11
57;49
53;61
15;59
25;74
90;82
21;5
33;26
5;21
16;55
43;65
69;72
50;96
4;58
55;3
58;28
70;8
8;24
79;20
7;39
100;70
73;30
13;53
28;28
92;31
3;76
9;35
50;32
60;93
89;60
83;89
98;54
4;5
75;58
36;38
29;25
13;63
8;81
2;19
27;12
16;59
16;20
29;64
68;5
18;91
82;21
32;88
19;90
52;86
30;7
27;68
1;3
76;60
36;78
98;78
21;81
12;52
15;57
52;64
13;39
70;29
33;50
21;37
56;35
26;63
47;8
16;3
12;11
71;68
94;53
78;69
42;42
76;80
42;30
43;91
84;52
50;5
13;47
14;67
54;99
24;96
27;13
63;83
32;76
81;39
36;9
73;100
79;10
53;68
98;44
70;62
92;40
47;33
55;13
23;55
34;53
55;1
46;76
5;4
42;62
59;47
89;42
86;77
43;66
58;84
29;14
56;64
84;4
55;40
87;81
72;43
88;39
48;17
44;49
80;38
67;97
81;17
18;23
82;63
53;56
34;61
42;6
20;45
50;13
91;13
36;42
86;17
68;100
75;19
70;79
94;33
51;99
86;40
6;26
3;45
82;73
22;94
50;52
55;17
25;95
16;46
23;79
19;76
46;90
66;39
46;16
98;92
86;26
14;49
84;74
67;51
28;47
15;44
71;56
64;15
76;27
18;72
36;58
83;9
16;42
64;46
58;90
82;55
84;84
4;74
38;20
23;93
7;20
59;88
57;9
29;16
93;51
