75;82
65;48
72;54
62;25
8;24
84;22
95;61
91;49
86;20
77;31
93;80
86;83
32;9
100;59
60;69
21;15
6;85
42;40
2;66
19;85
83;90
60;56
97;77
42;20
23;83
18;86
83;56
38;5
35;16
70;81
99;70
73;6
55;34
89;65
85;90
89;29
22;76
36;46
63;56
80;3
52;58
50;23
5;36
12;83
74;74
50;28
95;50
78;54
18;79
4;21
41;4
94;13
85;71
96;36
58;27
23;47
68;25
51;29
16;58
39;94
23;69
9;63
66;86
71;23
84;95
40;98
49;23
58;72
40;66
94;77
70;99
61;24
92;77
82;87
91;90
99;16
97;29
23;81
36;80
62;70
62;3
60;58
3;92
75;58
79;73
89;21
21;54
1;14
96;31
15;86
6;1
5;90
82;26
80;74
95;50
42;60
22;23
75;21
55;99
61;10
13;40
87;64
76;19
24;97
58;92
52;45
51;24
59;31
94;35
40;20
57;96
77;92
14;14
59;99
85;17
37;30
14;65
48;5
76;94
12;18
63;88
23;10
35;79
1;23
35;14
89;82
55;9
27;48
25;90
32;59
70;66
74;94
100;7
59;64
82;24
52;23
70;26
84;27
52;12
62;42
42;50
57;21
47;23
31;7
8;2
48;50
65;25
59;34
96;26
59;41
8;2
65;41
35;87
68;1
16;59
53;9
46;96
93;65
31;13
67;8
35;30
50;30
48;22
22;43
45;11
66;62
1;74
11;37
91;20
37;96
37;17
38;32
100;89
38;9
59;48
53;61
75;49
74;52
61;63
23;100
37;8
71;54
13;44
67;99
46;72
35;61
73;7
24;1
37;12
76;75
35;66
15;23
80;13
40;4
73;62
2;83
12;55
13;10
36;46
52;53
4;55
32;33
49;87
39;86
70;98
77;26
47;11
74;35
55;73
20;12
74;88
38;99
45;64
68;62
4;19
55;93
25;21
80;11
63;48
79;92
96;45
76;14
13;95
22;61
9;22
69;18
33;57
32;12
39;90
70;74
7;24
77;19
36;16
93;86
48;98
19;46
32;80
10;50
88;13
82;77
66;76
62;28
82;93
86;36
76;7
17;89
73;90
21;10
99;37
48;95
92;16
55;69
94;8
33;13
15;40
53;100
11;38
96;2
89;26
9;24
43;65
7;16
81;63
93;27
73;43
57;59
81;61
98;57
29;10
22;52
9;20
37;96
82;7
55;36
73;63
68;9
33;84
68;65
47;82
47;93
96;51
26;31
56;60
56;26
66;31
85;8
17;56
10;51
62;62
3;49
30;11
4;9
20;66
34;77
82;56
8;84
79;1
94;12
57;12
69;2
77;100
44;76
58;16
23;20
59;85
96;24
60;37
88;45
46;42
58;80
95;60
96;99
14;81
78;68
56;81
81;64
46;4
51;33
18;84
86;25
49;80
10;82
11;43
21;16
59;89
45;11
1;21
9;23
82;37
93;71
27;40
45;48
35;22
85;96
91;86
78;86
85;86
78;48
4;28
84;64
95;72
11;45
25;51
54;74
30;14
81;26
20;91
26;16
98;84
73;72
75;42
30;46
68;41
16;12
23;76
7;49
77;43
4;57
45;20
97;3
94;3
43;64
29;39
99;22
33;90
73;7
11;91
77;27
21;20
58;1
82;30
13;12
75;71
85;54
20;17
75;81
82;33
42;25
37;72
97;89
51;99
20;56
76;46
35;60
19;56
43;88
5;60
8;75
27;64
40;5
62;38
89;96
2;95
53;21
9;93
95;29
36;79
54;72
74;70
97;51
