15;26
88;32
52;44
45;79
48;43
48;49
3;95
83;85
92;71
71;64
38;28
93;83
76;19
39;8
1;87
91;84
19;1
26;29
69;72
67;100
27;84
14;85
4;9
87;13
95;96
68;20
36;41
59;9
89;4
9;22
42;15
61;78
49;48
22;92
77;66
64;40
46;50
68;55
80;87
40;98
80;36
30;89
75;46
28;67
24;73
73;28
9;33
47;18
85;77
47;69
32;66
55;41
71;93
93;58
35;35
61;16
18;90
23;91
27;78
65;35
30;66
48;64
12;87
89;74
52;65
25;73
9;11
9;65
53;77
91;31
56;8
75;49
92;8
20;74
77;68
95;71
16;17
76;87
9;36
22;60
37;43
48;16
72;89
23;85
17;37
41;44
41;14
86;8
51;19
51;23
84;28
19;54
42;41
44;32
82;22
41;17
73;30
56;68
20;75
19;41
