80;90
62;36
47;83
29;60
6;16
13;95
69;15
76;28
87;18
53;77
80;84
72;59
7;92
7;37
88;71
87;92
96;18
14;8
67;68
99;61
91;11
70;74
44;49
53;29
42;45
8;31
53;64
27;64
44;4
91;66
68;32
49;33
54;71
72;15
22;71
20;98
53;92
69;98
53;8
76;14
51;47
49;91
88;31
85;73
48;45
97;32
70;50
45;71
27;63
97;16
67;61
1;89
79;71
5;52
79;36
78;25
88;85
69;86
2;88
63;91
13;49
45;43
16;2
97;66
77;100
50;94
3;58
64;49
29;35
39;6
46;47
41;57
70;52
43;77
83;40
47;72
71;36
63;29
49;90
86;68
42;46
17;53
1;39
15;68
88;73
41;21
40;61
6;33
40;8
5;60
100;85
5;50
95;66
22;100
40;26
42;42
95;45
63;77
2;42
93;73
68;87
44;10
28;20
11;67
86;57
54;47
38;31
41;41
37;44
37;28
17;24
51;99
25;92
84;29
13;82
87;50
61;90
87;90
5;63
5;35
87;75
79;61
87;95
83;63
61;45
35;55
3;22
80;46
1;60
29;23
92;45
96;11
70;1
92;68
85;18
79;1
86;17
43;96
22;65
99;95
38;39
46;13
60;19
10;77
5;55
94;29
70;10
50;37
32;1
92;99
71;37
22;97
58;30
72;57
30;17
64;4
58;39
8;41
44;56
96;47
12;87
82;90
7;59
12;64
19;94
4;92
83;67
80;77
89;42
80;78
98;10
75;16
75;29
60;73
48;4
52;3
46;15
89;25
31;7
63;4
95;29
75;94
37;97
80;6
61;14
26;53
89;62
83;68
78;88
69;15
17;76
67;94
49;13
99;21
20;68
64;98
26;100
46;46
52;74
17;9
35;17
56;27
39;47
90;68
39;24
86;71
74;42
100;37
13;41
23;3
16;70
82;35
27;12
5;5
45;24
55;14
35;13
11;13
24;12
27;30
66;1
36;16
43;91
72;81
59;73
55;30
66;25
38;17
34;76
98;82
66;53
25;35
95;45
89;20
29;62
92;19
90;12
37;100
18;17
9;10
58;76
81;93
85;15
82;16
51;47
52;30
6;90
15;3
94;25
10;22
100;76
22;95
100;52
96;4
1;62
1;65
14;10
36;13
26;4
82;3
75;72
36;19
75;40
39;96
42;67
37;89
60;3
88;24
81;35
92;64
22;21
3;14
27;26
25;92
24;11
37;31
30;5
25;25
44;83
89;39
64;16
35;67
96;42
4;46
73;73
98;78
34;87
7;10
8;10
92;26
74;21
59;90
59;100
7;98
77;1
90;40
98;90
77;46
6;19
17;82
31;70
54;81
43;36
18;3
69;57
75;32
9;82
58;10
14;17
100;1
62;52
67;91
37;9
61;95
3;24
23;56
19;19
12;75
39;64
76;49
16;32
85;54
41;16
84;51
20;26
57;56
90;28
68;14
17;3
33;96
53;94
55;52
54;47
92;54
7;61
47;50
20;97
24;85
94;18
21;38
70;36
54;88
47;11
72;30
68;29
86;69
58;12
33;73
11;77
95;86
48;94
12;35
13;34
45;92
59;23
31;84
61;46
70;85
93;64
50;23
97;50
43;43
87;19
14;11
8;45
37;77
99;90
63;92
2;32
10;16
51;77
46;62
1;22
2;64
89;53
10;37
60;17
95;75
83;28
8;85
56;70
55;60
87;41
79;11
62;26
82;29
76;93
81;86
65;96
10;75
35;22
64;41
93;60
93;55
4;17
54;53
58;98
89;58
11;84
48;82
30;48
89;2
35;23
67;29
58;30
86;99
63;44
19;100
57;89
38;43
4;32
46;54
98;55
8;35
22;42
38;65
8;55
83;61
53;16
30;34
80;66
7;49
16;30
17;94
15;20
37;49
41;31
19;95
33;79
60;9
71;2
22;33
88;93
50;96
54;14
19;50
62;28
30;99
32;85
91;57
34;53
69;88
2;12
86;61
7;64
38;91
75;3
45;12
82;43
100;52
74;19
54;67
70;84
78;44
63;21
38;66
24;59
42;33
30;54
96;53
67;60
29;39
18;88
1;94
84;44
72;68
17;73
20;7
43;85
80;10
88;99
99;8
38;3
33;31
63;84
37;83
77;51
72;4
65;35
59;71
49;61
7;44
38;79
46;77
16;44
55;76
41;68
87;86
76;3
60;51
90;82
63;20
76;84
66;94
32;79
87;50
32;4
92;30
30;5
81;81
60;89
45;83
6;44
28;71
38;12
37;80
51;90
78;22
34;47
31;17
82;9
5;83
62;82
31;78
47;75
79;30
11;34
43;56
56;6
44;8
89;66
32;53
72;23
34;60
68;64
22;75
50;55
32;28
80;45
15;53
19;88
82;9
6;20
9;34
1;94
3;54
50;12
71;93
56;13
3;6
42;58
56;43
84;13
46;11
74;68
31;23
8;42
1;47
99;62
77;5
27;24
74;85
23;84
84;99
86;76
66;14
65;28
46;51
66;40
78;92
28;86
94;5
41;37
17;34
63;62
70;99
76;42
60;29
55;45
52;50
58;30
24;97
32;31
16;23
99;45
35;89
82;79
15;82
2;8
90;75
92;82
94;18
5;71
39;56
58;67
25;31
56;23
22;78
87;34
17;6
93;24
42;70
80;11
44;88
75;12
20;76
50;91
14;62
57;46
56;20
19;27
25;52
63;77
8;30
25;45
72;3
86;74
60;98
80;55
26;71
40;33
84;49
39;47
97;22
92;39
42;77
89;81
52;57
6;3
59;91
13;95
47;12
4;75
25;47
1;89
92;39
38;93
96;29
61;59
74;44
23;39
23;36
95;11
6;84
81;83
65;35
72;11
36;37
57;79
60;94
28;86
61;92
39;39
80;20
54;91
19;78
35;22
33;6
88;58
25;54
52;87
15;70
90;40
93;83
36;30
40;37
25;32
89;13
66;38
95;57
28;73
43;50
33;92
84;76
17;99
7;43
9;53
35;30
100;11
35;51
78;27
57;51
3;79
67;89
47;39
30;29
98;67
48;36
84;29
88;76
12;50
68;99
100;99
11;48
56;48
73;52
64;43
33;58
71;9
84;28
26;68
49;46
1;28
47;15
26;77
53;91
16;89
24;24
11;12
2;51
39;21
36;26
27;97
61;64
29;15
67;83
56;52
34;61
57;58
66;42
96;99
15;89
97;31
89;38
27;65
49;44
58;74
35;16
50;57
100;69
45;77
79;6
26;67
27;69
94;36
38;17
88;95
22;85
94;75
22;84
68;65
97;61
72;40
6;90
31;92
24;75
9;65
5;42
61;8
62;31
43;8
3;77
58;86
56;14
54;65
91;100
29;53
94;6
51;8
100;18
88;79
5;1
13;11
57;29
51;6
67;86
64;29
36;74
86;67
44;63
2;72
79;83
63;15
32;5
60;85
21;65
43;41
6;57
12;22
77;40
82;35
96;22
22;77
77;100
21;100
32;4
84;77
73;16
39;51
3;48
100;58
100;43
23;39
28;43
57;83
7;17
19;19
68;95
92;31
43;4
35;54
59;80
36;78
31;50
40;63
18;60
49;34
52;36
94;88
92;90
69;30
42;98
21;63
38;76
13;100
51;73
6;72
99;31
96;24
99;53
6;93
35;56
16;47
34;100
12;9
30;86
75;44
39;15
98;26
41;30
31;32
90;36
61;8
42;27
55;61
2;48
90;37
18;21
25;19
35;90
33;61
50;29
87;81
23;52
100;34
21;39
99;5
18;87
28;28
60;7
79;35
100;61
70;90
46;24
100;28
42;97
80;59
80;52
93;32
28;47
57;28
51;7
26;37
84;77
71;35
26;56
68;82
17;7
69;16
72;18
17;13
12;29
72;51
4;41
57;100
93;91
36;86
35;75
17;47
98;47
34;63
34;51
91;94
1;40
18;32
59;77
4;55
30;68
1;34
20;33
25;81
29;8
35;32
83;91
78;42
61;75
5;11
98;69
25;87
63;14
98;35
24;2
87;3
98;6
73;39
25;61
17;82
5;79
49;66
43;4
58;51
29;31
49;10
9;71
80;47
85;61
57;76
56;45
49;36
37;24
42;72
72;54
45;6
74;48
40;77
24;30
98;28
83;18
1;7
58;12
66;25
7;57
7;54
88;7
42;88
37;22
48;19
56;69
48;29
89;45
46;60
26;28
65;58
4;12
99;37
24;76
98;39
11;89
79;32
89;89
84;35
9;51
27;23
3;56
68;70
57;45
12;79
36;81
39;100
35;77
67;23
56;5
67;31
42;99
2;58
79;23
33;33
22;79
53;84
36;3
10;88
6;19
97;52
100;96
11;92
44;16
15;59
37;37
100;23
12;7
18;20
3;73
5;49
32;83
54;99
75;84
5;47
84;14
4;79
59;60
27;83
82;61
36;77
96;86
84;40
13;96
57;33
64;61
79;9
8;36
68;59
15;43
65;1
56;4
41;6
71;99
93;66
87;28
29;7
35;81
48;95
40;44
58;60
13;10
32;58
18;63
72;97
70;58
8;8
31;1
82;91
62;64
74;84
60;98
8;37
82;20
12;73
53;93
32;33
56;14
87;87
54;53
28;70
23;31
33;70
78;26
45;72
34;79
99;87
15;22
50;80
25;36
82;8
45;80
42;98
50;85
49;23
26;23
86;64
22;59
46;40
91;2
92;8
41;19
85;20
69;62
55;75
49;84
1;3
22;77
2;36
26;16
93;42
10;34
41;74
60;43
87;2
97;54
10;27
18;97
71;83
10;25
38;19
71;81
39;42
51;5
52;77
86;68
19;15
91;52
54;86
58;47
69;75
54;12
63;46
75;78
93;22
56;47
23;63
20;99
53;11
92;59
70;25
74;65
37;16
43;12
34;72
40;92
68;97
5;89
63;11
65;82
94;63
29;93
49;85
48;1
74;20
30;93
86;95
22;47
2;80
4;44
68;46
32;75
62;39
30;14
19;39
74;55
40;12
47;43
14;96
67;93
7;77
50;52
89;77
26;74
52;38
82;1
11;61
90;31
96;97
74;24
90;38
32;16
70;59
81;85
80;1
90;95
55;52
63;71
9;94
12;86
58;8
52;33
92;86
4;79
78;75
82;88
62;26
13;15
55;71
82;21
84;22
74;45
35;56
86;11
59;65
17;14
3;4
95;72
96;64
90;60
24;54
1;69
92;65
47;68
26;2
70;95
67;65
94;90
48;42
23;95
39;46
75;54
38;23
92;71
56;73
94;67
4;97
1;100
39;51
61;82
40;84
76;26
31;86
8;92
1;42
93;7
23;23
1;9
30;77
52;96
84;55
58;25
35;63
83;10
66;34
12;2
5;20
84;64
41;74
10;25
91;18
1;31
29;54
86;13
89;72
28;99
83;37
58;46
11;5
93;98
6;7
74;3
51;75
76;65
82;13
43;90
61;72
42;56
33;40
66;13
30;30
25;68
39;20
18;21
50;73
55;1
52;31
99;91
35;44
28;21
33;81
39;31
77;60
59;16
57;98
80;87
36;21
36;87
69;89
90;97
77;51
18;88
62;87
95;33
24;11
71;95
81;19
74;77
54;53
47;48
84;32
90;62
87;70
48;77
58;67
62;31
60;3
98;14
25;26
19;75
7;100
85;11
96;76
6;92
88;48
31;53
38;76
50;75
89;78
76;39
64;78
68;84
17;9
100;66
38;87
48;98
53;40
18;97
50;100
61;7
18;18
65;28
40;13
57;3
50;92
75;11
86;2
67;100
27;61
8;78
100;75
13;71
37;85
64;86
57;29
44;87
21;16
18;5
16;95
80;5
20;8
90;5
58;23
32;25
36;79
20;67
83;74
98;14
18;27
97;74
60;65
80;64
70;41
69;5
44;34
43;91
67;71
12;72
17;77
35;90
51;97
58;79
23;34
76;56
2;19
40;41
98;35
25;71
47;35
68;59
7;21
73;80
71;55
51;17
64;2
76;23
72;39
38;45
94;32
50;53
100;31
12;25
66;30
94;99
13;50
91;13
85;70
54;80
7;55
49;26
69;32
96;43
73;60
98;88
8;27
53;31
49;39
29;98
36;75
30;67
55;45
90;22
96;33
67;20
75;30
66;41
49;61
11;97
24;76
51;16
46;19
89;32
62;27
93;56
42;83
8;66
15;57
33;23
61;66
29;69
10;14
27;78
42;37
90;2
89;10
22;25
61;78
34;40
46;83
85;78
84;48
16;71
61;87
14;96
56;63
44;94
24;16
58;82
48;79
19;47
42;23
46;71
90;76
70;66
99;92
71;97
93;73
23;42
45;84
4;36
25;86
76;40
58;1
45;16
8;51
66;72
9;39
89;59
25;51
26;98
62;15
38;96
48;78
51;2
76;29
45;36
15;63
78;10
1;72
27;52
15;38
18;4
51;50
4;37
32;19
83;9
97;39
7;46
1;63
69;11
29;20
31;22
47;25
41;19
28;61
10;44
15;78
46;87
76;1
28;92
17;82
55;7
13;24
95;29
38;79
92;52
86;21
83;88
94;3
67;40
28;53
71;77
79;92
39;50
91;38
73;62
65;31
78;94
89;85
67;74
65;29
82;82
86;1
76;11
48;5
54;30
3;60
97;17
78;38
8;30
57;1
42;23
24;91
70;41
48;38
20;10
57;79
53;78
63;66
11;26
33;92
76;12
43;84
15;78
87;38
68;55
21;79
76;54
52;13
82;19
22;70
38;9
67;10
6;17
66;74
11;89
81;37
87;7
69;95
32;11
21;31
67;89
5;45
8;57
54;73
23;46
62;76
82;26
5;43
31;37
67;69
81;80
26;51
62;96
88;10
63;63
81;84
87;17
31;4
89;56
53;74
4;46
68;69
62;74
45;52
25;71
89;75
39;34
89;45
32;50
24;70
47;87
96;12
46;86
94;77
28;4
99;51
74;27
46;91
34;43
48;54
23;98
62;57
56;35
4;14
26;37
91;89
50;29
82;3
99;89
13;48
36;28
43;42
98;92
65;83
34;48
46;100
31;1
43;14
5;20
52;10
53;77
29;37
14;17
34;59
91;96
19;49
45;52
2;79
74;16
20;76
35;29
51;20
74;42
93;37
36;51
44;15
20;70
6;71
70;18
33;91
25;15
26;36
96;24
2;79
31;4
60;32
63;76
11;94
100;54
62;69
76;56
28;23
96;54
19;92
91;39
45;24
41;61
69;36
17;2
50;27
59;89
55;82
69;93
8;16
28;77
53;69
78;12
88;34
28;85
48;28
74;97
10;28
4;68
78;7
51;8
86;66
39;62
27;51
61;2
64;62
98;98
37;80
61;65
65;68
52;81
52;36
91;85
35;24
27;85
64;26
67;30
49;69
29;68
80;87
96;95
66;49
88;59
78;83
45;54
43;13
26;50
95;33
91;39
71;71
83;57
2;11
69;93
17;5
48;82
45;3
69;84
81;4
7;36
76;10
90;7
80;9
79;49
84;42
19;41
55;23
29;79
39;100
4;14
21;96
79;1
93;12
45;3
58;82
80;57
69;73
9;8
35;67
70;29
28;95
15;85
77;53
86;38
77;98
88;66
100;72
100;44
61;30
43;69
6;61
9;74
26;30
30;32
27;18
14;73
88;54
57;67
6;100
27;84
38;12
12;59
93;93
5;73
16;99
2;57
77;82
49;51
58;3
92;70
69;21
86;36
45;100
32;46
59;26
3;12
10;48
60;62
73;76
65;10
17;17
38;87
41;97
55;6
49;45
15;79
73;51
18;57
3;85
28;79
70;63
72;40
75;86
40;34
5;85
69;34
73;2
55;75
33;76
26;78
76;75
39;92
55;61
43;47
59;34
86;19
19;86
28;4
71;62
23;18
78;85
30;83
77;17
47;22
46;14
60;20
88;62
79;48
60;35
100;72
60;13
45;79
66;56
16;60
38;56
7;99
100;37
44;23
5;95
4;55
66;59
93;34
39;26
12;91
33;75
11;69
22;71
56;75
60;78
85;84
55;75
98;9
89;77
99;33
46;40
43;42
17;89
97;79
13;20
54;84
87;21
48;30
27;2
14;1
34;17
95;71
49;74
56;51
35;54
17;91
34;24
94;2
48;85
50;16
17;85
11;69
50;43
54;92
52;10
93;8
80;57
92;59
66;100
16;83
56;17
88;82
100;34
67;31
89;76
46;8
21;10
4;25
39;96
18;38
86;61
88;6
21;71
95;49
31;28
24;99
44;45
8;91
50;86
39;40
18;67
80;82
76;55
34;19
78;66
8;67
69;52
14;58
60;99
63;54
26;3
6;14
93;99
87;2
32;67
90;44
74;73
16;96
30;70
35;99
15;4
77;34
42;28
13;100
14;13
2;97
53;84
78;93
79;16
17;88
53;19
88;25
53;21
56;66
24;40
38;88
19;17
2;73
76;21
83;58
41;82
75;89
6;55
36;82
20;67
35;76
27;50
8;91
74;83
9;92
79;66
49;24
20;60
13;87
56;70
53;86
81;30
11;82
27;5
33;73
82;78
22;51
68;14
56;1
6;91
74;85
97;15
86;25
19;62
34;79
15;13
84;47
63;83
86;29
32;45
47;94
28;46
29;67
74;12
45;26
56;42
52;43
99;67
25;88
87;66
88;23
34;67
29;29
59;23
38;48
64;3
34;68
11;55
76;93
74;98
83;82
61;66
61;53
44;86
40;5
4;43
29;81
15;65
43;14
54;24
61;93
58;15
53;74
24;30
33;25
15;94
4;9
97;89
33;53
8;1
32;68
79;17
97;12
64;82
98;29
67;40
31;8
75;36
9;99
90;4
4;33
41;23
74;44
66;88
86;19
47;37
77;78
92;16
91;100
72;79
27;58
50;38
76;96
63;68
3;27
96;77
88;36
39;40
82;6
24;31
73;51
10;58
41;40
24;71
27;58
91;26
72;89
100;41
88;15
60;3
86;73
84;28
75;1
37;92
70;81
75;66
65;32
16;54
42;6
79;60
20;30
27;3
38;10
73;70
58;53
69;40
35;77
49;52
93;27
64;51
81;59
59;77
37;48
33;80
51;49
99;89
97;88
7;97
73;5
60;44
12;53
77;34
28;35
24;44
76;9
76;65
82;9
100;48
78;87
88;24
54;54
41;47
57;97
45;21
13;73
40;34
72;39
68;96
77;66
15;55
64;100
58;36
57;72
67;2
26;28
10;59
59;12
89;54
49;87
39;58
80;73
85;55
65;46
18;17
11;21
100;27
44;21
38;40
63;10
87;24
67;71
20;11
65;5
49;43
30;42
86;5
74;81
8;15
90;61
6;61
9;39
91;85
39;72
40;57
40;18
20;4
43;52
57;26
23;46
7;38
67;90
13;74
75;33
49;60
19;29
27;47
75;46
27;89
28;54
97;24
55;1
39;85
12;19
47;64
32;5
43;71
46;48
19;76
65;68
93;8
6;66
64;45
50;84
59;80
85;18
59;51
35;22
59;7
1;93
15;80
36;41
26;54
95;46
94;41
56;97
64;38
99;27
99;60
30;87
40;9
55;68
21;93
78;49
1;9
5;27
59;92
3;72
69;80
85;31
51;68
93;47
23;19
59;24
64;23
10;17
8;46
31;91
32;47
82;5
78;64
57;44
100;20
38;69
44;85
86;25
33;59
74;97
34;88
7;49
90;26
74;9
84;7
66;97
33;9
48;48
4;65
97;58
49;65
85;50
86;11
72;17
6;64
44;46
6;91
88;2
53;9
69;69
56;25
54;71
42;95
20;17
21;68
13;80
75;34
61;81
21;93
31;30
64;4
50;58
45;81
1;9
38;73
19;24
80;39
99;54
71;84
46;76
34;52
35;4
21;98
68;59
36;34
87;2
96;40
83;66
30;30
66;70
51;48
23;53
7;43
84;36
8;87
11;6
73;32
22;18
11;94
84;33
60;8
91;69
30;86
57;66
36;32
6;27
56;55
13;47
30;80
55;89
25;10
54;11
67;27
83;41
23;65
49;98
83;59
4;96
34;91
20;42
2;50
3;50
93;94
76;9
73;2
60;20
83;97
78;25
22;10
59;8
60;36
16;65
20;51
65;63
92;92
58;23
55;100
19;25
35;70
57;53
52;9
16;60
39;87
69;33
20;22
76;65
55;96
51;51
71;54
99;54
52;10
90;91
55;26
17;58
79;15
53;15
61;42
99;52
63;43
67;56
31;94
56;95
6;78
57;57
62;31
92;47
45;10
52;95
42;88
98;14
64;78
35;40
33;94
32;81
10;1
63;26
45;70
16;29
95;81
92;45
49;43
93;33
96;94
62;21
86;1
22;89
23;74
60;90
62;24
12;87
32;18
51;5
27;22
11;82
69;25
5;47
46;75
31;42
2;45
54;75
2;88
64;98
56;61
42;62
2;79
53;83
65;81
87;41
72;39
36;50
35;54
92;35
55;88
57;68
55;30
80;24
19;64
32;97
22;85
13;13
8;92
35;36
46;71
30;88
20;36
60;82
54;36
45;35
37;64
21;91
40;35
50;67
32;47
16;45
71;17
16;100
31;86
22;56
68;60
23;34
90;44
87;6
57;68
60;79
91;4
34;81
30;17
76;90
90;72
94;55
23;18
27;74
52;72
13;2
58;63
5;92
23;34
47;70
93;90
91;37
49;95
23;90
47;75
12;13
49;77
14;45
78;12
28;80
21;22
14;93
19;42
90;87
56;32
2;100
68;11
7;30
69;73
71;89
58;87
53;90
63;24
43;66
35;97
66;69
42;86
8;67
48;78
63;56
74;11
48;57
44;17
70;28
34;27
45;92
96;80
76;33
53;99
16;70
1;87
80;11
38;8
60;3
66;29
42;88
3;39
51;25
33;52
23;32
52;11
25;48
17;69
17;45
37;90
82;3
54;35
67;48
4;27
15;82
78;73
94;33
3;4
76;21
98;2
47;50
39;22
20;98
99;60
96;28
77;19
80;44
19;17
65;30
27;82
80;27
2;31
78;11
41;64
79;84
89;18
38;85
44;68
51;5
49;85
88;76
29;30
41;97
34;11
24;2
4;40
51;12
27;81
87;98
47;28
73;76
4;78
4;68
59;59
5;53
94;22
87;50
77;47
60;34
38;90
52;31
92;51
81;94
3;81
89;81
70;11
68;81
72;83
83;91
31;94
86;82
94;20
12;54
47;70
73;57
69;32
31;13
66;37
35;80
99;94
42;81
74;47
23;97
56;61
23;58
23;24
16;10
39;29
7;11
35;53
30;19
68;96
40;89
83;33
58;42
5;58
66;31
52;68
68;79
9;38
47;7
26;31
11;97
93;33
5;72
15;38
66;82
98;42
77;15
99;68
40;74
98;100
23;84
57;45
33;88
71;40
83;63
86;78
45;83
56;68
38;40
73;19
13;88
6;48
58;68
10;49
76;55
15;78
37;76
74;25
79;45
54;100
93;26
20;67
55;56
13;19
59;17
26;54
93;35
80;58
77;63
11;77
84;31
40;41
85;69
20;67
100;100
42;67
96;30
31;31
3;59
5;4
11;40
20;46
80;67
5;32
3;70
48;82
59;78
6;25
76;81
35;15
23;72
53;66
76;30
48;35
72;65
1;32
84;9
10;23
91;15
82;11
100;45
76;61
36;39
43;95
13;35
54;31
66;80
17;92
96;77
8;86
32;28
15;17
17;50
16;30
87;54
55;88
100;86
70;40
5;49
57;3
28;30
64;100
61;43
73;24
43;9
87;20
56;80
10;25
42;24
79;92
96;57
28;19
99;31
83;85
37;16
94;60
35;87
25;42
60;47
68;27
64;93
96;23
62;29
16;94
30;16
87;39
55;94
28;4
92;3
42;75
6;30
23;21
70;77
1;33
29;16
20;65
8;34
32;45
1;62
84;20
45;45
6;69
93;89
83;84
85;77
20;40
93;18
37;67
60;22
54;42
55;82
95;18
16;89
81;29
19;71
42;96
39;12
66;98
76;23
96;91
61;6
27;11
27;64
65;4
27;56
100;90
70;30
82;85
68;66
61;84
86;63
59;36
87;65
87;8
63;45
15;10
83;62
55;31
68;63
79;5
81;21
35;53
33;31
29;31
32;30
65;32
16;67
14;97
78;76
80;10
56;67
44;49
26;41
10;10
21;84
82;13
60;67
69;100
79;93
26;29
51;11
55;46
84;56
19;19
42;1
25;28
55;2
52;56
15;94
35;48
67;33
38;29
60;91
42;61
24;34
27;3
44;63
51;76
88;60
87;2
87;100
66;31
3;28
46;8
17;15
22;43
90;42
59;72
78;9
81;85
50;60
12;71
78;78
24;87
10;19
52;36
81;33
1;22
80;82
17;1
1;72
49;36
50;1
42;3
60;86
91;32
20;72
83;94
79;75
35;16
14;50
81;41
71;78
27;59
17;17
93;52
67;80
34;8
69;80
98;13
96;78
8;56
22;23
92;60
85;11
41;87
81;46
75;55
88;14
12;89
50;1
77;69
45;53
7;66
66;88
56;98
16;58
4;82
56;38
98;94
46;17
20;46
100;94
47;94
51;99
89;78
68;75
89;46
47;43
32;79
34;68
12;28
4;55
60;42
55;70
82;58
95;62
68;36
8;29
35;70
63;86
84;83
21;64
15;64
45;66
100;1
25;34
54;51
29;76
75;49
56;93
50;37
61;56
1;1
57;92
44;34
22;28
24;92
52;67
54;18
72;43
78;49
88;19
97;98
70;64
51;80
14;10
90;29
73;68
4;16
53;94
57;3
24;58
9;35
73;48
20;1
86;1
2;57
73;65
30;13
47;77
21;57
65;16
100;27
84;41
24;47
39;25
80;21
87;20
94;30
25;80
68;76
83;17
10;22
18;93
5;97
50;36
88;88
74;33
4;34
35;6
82;60
50;34
16;32
73;74
37;24
33;91
33;79
93;25
42;52
36;47
85;79
50;40
4;69
16;60
60;13
34;86
9;53
57;25
85;72
2;28
24;52
37;8
3;11
63;1
23;47
47;82
98;7
22;64
16;68
40;68
14;28
18;99
13;97
47;89
7;21
38;32
45;37
94;40
31;6
82;91
73;58
49;99
96;5
94;20
13;49
56;33
36;43
75;55
26;38
6;26
97;74
17;73
47;7
99;50
12;54
68;1
83;87
91;13
80;51
85;79
45;66
26;58
53;12
14;82
14;14
76;62
20;27
95;70
86;8
77;81
50;93
50;63
51;74
44;24
37;51
86;67
33;19
48;47
77;88
30;61
82;25
100;93
66;72
27;31
61;34
58;41
95;65
54;55
1;78
13;61
26;21
51;97
57;47
90;72
43;63
61;41
64;31
21;33
23;47
25;30
23;18
72;26
42;33
84;17
23;62
24;72
33;20
41;73
28;40
43;16
79;5
52;22
53;58
31;83
23;75
42;27
67;48
30;6
19;17
47;32
10;9
16;19
44;78
47;74
54;31
31;98
35;62
19;51
33;10
31;5
93;87
27;29
38;50
68;64
69;93
47;88
78;70
19;74
83;61
76;20
16;36
96;43
86;78
44;2
71;92
71;46
77;12
65;87
60;59
20;46
67;71
34;2
33;72
39;54
41;32
100;16
31;89
57;45
33;17
9;94
30;8
7;13
72;65
93;82
30;86
91;33
68;30
50;59
17;78
81;78
100;100
4;75
61;94
89;37
89;43
36;83
78;26
68;45
21;79
93;80
93;83
18;69
77;97
65;81
92;94
4;82
79;89
44;48
89;66
66;35
64;53
65;85
80;50
65;15
42;51
96;47
51;26
41;82
12;76
36;82
26;21
85;65
59;17
39;90
40;11
68;37
7;94
91;95
77;43
9;65
10;54
62;29
26;42
40;94
64;56
44;26
24;54
70;6
92;25
25;14
88;84
84;93
25;6
17;29
99;18
77;66
32;96
91;26
32;24
28;60
23;65
9;67
35;10
75;1
81;43
10;81
34;81
7;88
81;30
81;89
67;99
5;58
75;89
12;19
97;17
4;42
41;97
25;54
53;15
30;37
14;38
53;2
69;96
50;78
53;42
55;27
75;47
24;6
23;79
97;91
3;43
30;88
58;8
63;22
24;64
48;69
19;7
88;81
7;78
28;38
53;58
85;60
46;12
40;31
16;96
79;17
91;14
58;59
91;37
69;26
71;87
72;64
27;34
14;7
99;1
1;19
38;76
21;1
96;67
35;20
1;5
17;34
19;74
11;17
38;42
94;56
60;59
44;16
28;14
82;22
76;17
69;84
26;74
42;65
75;99
100;73
9;99
74;47
44;66
36;53
51;97
60;54
53;76
70;29
70;56
95;94
95;93
92;41
70;17
13;64
83;51
45;70
97;15
43;63
58;19
94;9
45;72
45;82
61;75
88;78
18;20
2;16
14;17
85;50
86;71
71;88
99;64
68;21
86;97
16;29
67;52
38;37
95;60
88;59
24;53
93;97
97;74
85;96
10;63
48;41
52;36
56;41
39;68
16;15
100;52
62;7
39;89
50;38
86;49
97;71
9;88
25;21
75;21
56;48
85;94
47;68
100;91
19;37
58;98
71;33
82;42
38;7
84;71
56;75
93;23
52;1
42;8
24;36
1;99
27;87
85;81
29;5
74;7
10;64
77;48
72;17
7;61
46;92
40;91
12;99
85;80
100;72
48;78
90;52
11;77
29;7
10;79
47;60
45;9
11;48
81;91
92;61
83;94
5;75
50;44
56;35
2;19
9;30
82;91
50;82
75;100
18;22
27;28
98;100
25;1
90;100
94;94
31;16
50;94
60;10
43;88
24;77
77;60
91;6
93;96
65;50
87;65
4;19
56;11
35;51
83;99
8;79
54;65
97;32
80;94
87;76
71;27
73;94
84;29
40;3
78;45
4;58
20;74
97;45
10;95
19;23
53;17
20;3
23;49
6;61
88;99
8;89
81;68
6;56
90;42
84;28
26;19
69;59
36;56
98;39
96;62
26;82
80;93
4;99
20;27
66;84
48;17
21;55
72;52
69;14
53;52
6;69
23;83
39;38
64;19
52;39
61;56
72;38
56;57
21;88
7;81
17;2
22;74
69;29
33;64
52;76
68;42
53;88
59;59
45;65
22;63
92;23
60;69
94;46
88;34
95;16
66;6
19;17
98;76
67;6
35;43
41;36
34;60
16;22
84;21
96;26
92;94
14;22
63;19
3;91
15;79
23;67
72;22
9;70
69;53
17;92
27;65
4;75
25;58
99;31
19;29
64;20
8;15
72;52
23;54
93;15
54;89
41;47
18;27
32;76
100;100
60;26
43;33
21;7
81;34
81;87
8;36
95;5
30;75
26;59
58;21
40;33
10;67
5;27
90;46
70;54
43;60
5;82
82;9
94;46
20;39
94;46
12;10
45;24
58;94
25;49
29;2
69;84
58;17
70;75
40;67
91;13
35;94
50;32
88;79
78;9
14;78
55;31
47;33
75;77
92;21
92;36
64;78
72;32
9;45
77;41
32;78
76;16
45;64
86;28
82;93
25;45
31;25
51;48
44;90
56;17
97;34
39;22
98;79
8;60
16;95
17;76
61;60
27;44
1;21
38;65
53;23
100;51
6;6
65;86
47;46
10;72
79;50
37;11
57;31
34;26
99;39
77;2
78;36
66;40
12;45
60;11
4;55
42;89
91;34
36;67
98;24
31;13
73;63
37;60
8;30
87;19
7;59
62;58
55;30
19;42
63;86
52;45
30;43
32;40
14;96
16;81
67;17
75;14
37;37
44;12
66;49
73;75
71;14
5;30
37;86
55;66
1;15
35;31
69;41
90;47
59;73
61;49
46;1
10;47
62;90
23;49
12;84
36;42
41;64
99;44
35;39
93;86
65;96
62;66
48;27
47;98
23;96
2;97
4;11
44;64
87;59
43;21
98;94
63;1
92;99
92;12
81;78
29;9
41;78
1;1
16;46
60;13
40;40
81;53
49;8
82;38
77;47
4;10
32;68
65;35
51;5
21;90
13;55
54;72
94;46
12;1
72;62
83;99
46;22
71;20
33;91
89;51
10;31
38;24
37;99
53;1
18;89
12;62
59;50
47;100
52;34
82;82
84;47
70;21
43;54
74;54
35;44
53;11
95;3
43;32
71;10
83;42
83;76
54;31
38;57
95;28
52;53
49;82
83;81
8;32
42;74
69;22
10;96
82;30
13;2
50;68
59;95
58;67
42;86
99;51
56;72
62;73
8;82
71;91
100;6
10;54
10;79
83;5
100;99
66;60
95;31
53;83
93;1
43;71
6;17
82;62
69;13
81;34
85;5
21;71
55;84
20;62
3;82
20;57
49;67
69;94
39;23
3;67
4;23
87;36
49;15
53;16
51;22
38;45
88;76
8;78
52;84
36;19
43;56
84;81
2;11
14;71
88;81
26;97
85;37
14;9
9;30
98;46
29;77
11;82
55;12
93;52
76;49
78;41
50;23
80;98
49;72
17;93
90;74
78;95
48;5
31;82
54;76
82;71
15;80
16;95
44;11
70;49
27;98
46;62
52;47
64;12
25;77
75;36
46;82
54;20
44;12
98;33
95;62
74;36
52;39
77;73
44;64
56;8
37;61
40;77
85;89
30;62
72;38
62;24
21;89
44;52
75;6
93;84
21;3
16;66
82;24
37;63
14;85
52;18
23;6
69;69
25;34
20;22
28;74
98;99
65;28
92;25
67;30
88;85
98;65
23;45
83;91
90;12
88;29
100;56
3;58
99;79
100;12
71;86
91;23
66;28
32;95
17;61
71;20
54;67
66;53
98;96
21;38
33;48
79;1
9;60
37;79
6;50
6;29
7;46
89;11
28;12
72;12
33;53
31;27
6;22
10;86
37;85
95;70
71;66
84;9
4;32
24;80
100;38
37;95
51;78
24;10
39;8
27;4
14;58
12;26
29;14
61;36
3;47
79;40
100;52
16;89
6;24
73;40
89;91
97;4
29;51
64;74
95;55
96;75
19;10
96;2
95;77
18;82
42;1
86;69
72;45
99;69
2;37
52;28
93;87
28;63
79;14
36;50
100;65
70;81
83;82
27;62
86;21
78;11
28;79
57;5
80;93
56;22
6;65
54;12
14;17
38;82
56;38
59;61
69;51
16;47
73;88
89;33
92;46
41;16
70;34
30;65
36;78
52;16
76;78
24;31
88;66
23;18
44;86
91;69
40;29
20;39
17;60
98;3
6;23
14;88
97;60
88;22
1;51
44;85
26;80
85;33
83;27
45;33
27;94
26;98
35;79
35;89
86;94
68;10
14;33
4;95
39;12
46;25
52;92
42;62
92;79
68;72
75;1
70;45
30;65
37;76
67;83
46;13
92;31
8;59
39;41
13;72
66;84
56;3
92;77
18;40
58;85
61;99
59;61
29;13
18;20
60;42
40;34
8;26
64;44
1;22
26;35
1;53
3;18
95;9
15;96
53;13
79;16
20;75
81;76
98;70
78;90
56;95
87;2
79;92
52;72
9;37
44;80
81;3
46;1
6;83
97;78
78;9
6;26
11;42
34;45
79;45
26;73
92;36
93;6
45;17
74;55
93;52
96;20
79;32
8;65
34;27
47;14
70;46
42;53
26;65
96;70
73;42
79;57
40;53
58;14
33;45
92;20
69;74
73;42
66;51
39;4
86;27
28;30
94;44
96;80
74;84
78;50
87;79
75;23
17;11
64;91
27;100
75;36
68;2
68;16
50;29
29;15
41;41
76;56
96;71
93;63
66;92
88;90
24;10
31;45
40;59
51;99
39;75
69;84
49;76
22;85
41;26
58;15
93;77
69;24
63;5
17;66
66;61
53;15
59;77
32;34
11;47
63;62
26;44
45;81
32;97
6;61
81;41
15;64
77;99
96;78
4;82
16;60
7;40
33;14
19;70
15;20
9;76
90;44
60;13
17;92
20;10
61;52
81;7
79;24
90;34
62;100
53;71
77;65
85;20
74;83
93;28
25;73
95;82
40;85
88;35
1;42
19;13
21;74
24;60
98;84
81;8
81;2
85;39
4;49
19;93
73;70
