1;11
36;30
88;35
86;53
98;2
84;83
46;29
43;54
6;36
88;40
31;92
44;96
62;61
58;72
16;36
25;10
62;28
27;45
23;67
4;44
89;75
74;81
30;100
35;20
29;44
22;3
66;5
47;84
88;67
64;16
83;30
19;65
5;47
73;80
75;86
25;46
59;46
54;37
25;15
1;16
95;40
64;56
74;44
95;46
56;96
17;93
46;100
89;49
50;100
58;46
98;43
57;25
38;37
100;62
8;34
5;46
36;63
95;15
35;88
86;18
59;91
78;100
60;71
33;27
22;71
29;6
13;51
82;85
43;61
80;42
85;100
100;29
68;63
44;94
27;11
10;39
35;65
9;32
93;72
89;85
35;58
61;93
28;81
59;10
69;93
84;75
57;76
15;54
41;60
30;56
24;48
36;69
78;30
81;93
19;100
99;4
2;17
52;65
54;4
33;52
25;1
34;28
11;50
3;94
60;90
79;53
10;71
17;60
35;75
77;15
29;53
82;32
76;50
42;71
33;53
87;73
36;79
60;14
62;5
76;55
35;32
36;73
99;21
80;48
72;17
32;13
46;59
39;32
31;94
75;35
13;86
50;11
43;27
28;66
66;53
21;44
26;75
67;48
1;76
57;17
63;97
44;30
70;94
20;32
35;23
22;57
96;10
29;75
72;93
94;28
57;17
23;93
89;19
54;37
3;3
13;9
28;59
76;99
18;53
27;14
60;57
35;26
66;84
35;29
19;20
64;31
30;69
55;14
32;60
71;49
91;80
77;73
87;42
38;87
24;6
59;67
1;46
25;5
36;99
15;73
95;65
75;97
54;39
42;81
29;41
28;53
70;39
83;35
33;14
88;80
49;86
78;40
53;13
93;55
84;24
67;97
52;62
16;63
71;76
26;53
39;41
75;63
88;18
70;23
16;23
46;26
23;52
83;48
65;89
40;88
12;3
23;61
87;79
90;68
58;61
98;93
86;31
15;59
74;9
24;61
87;100
81;80
9;75
40;17
21;97
84;3
2;54
2;62
86;56
98;73
20;58
56;69
98;93
84;47
68;32
50;84
18;87
65;6
48;74
23;21
25;60
3;9
95;68
76;70
66;57
94;62
34;65
98;50
88;97
73;25
47;19
45;87
97;83
20;9
6;92
63;48
20;82
82;27
31;6
56;57
25;4
6;17
20;69
4;2
12;71
99;78
91;74
27;42
75;82
40;39
97;33
40;25
79;84
31;47
41;88
73;59
82;24
15;10
81;14
26;10
11;25
95;85
71;47
77;93
48;24
88;11
50;56
13;99
92;78
43;28
51;58
37;48
87;80
53;81
72;95
47;52
39;67
2;99
63;17
53;48
98;2
52;50
28;67
46;24
68;81
14;86
40;3
43;34
6;49
24;97
84;94
2;22
33;95
75;64
70;2
69;68
4;16
19;10
64;16
21;63
51;44
72;35
100;90
40;63
100;20
74;98
77;64
47;87
92;67
79;11
72;83
88;92
61;48
26;23
49;9
16;95
33;74
33;54
80;36
16;94
47;40
84;79
36;25
22;56
47;12
46;5
31;11
79;4
86;17
87;100
82;90
54;63
97;60
59;24
89;79
14;44
31;58
3;9
83;61
36;32
1;77
97;36
52;40
69;71
51;20
25;48
26;5
94;5
18;57
15;6
12;86
46;53
4;28
84;51
28;30
32;46
68;33
8;46
92;46
4;88
98;44
70;67
8;44
33;94
29;56
62;13
100;81
83;81
6;14
57;50
20;27
73;24
12;78
52;83
60;35
98;55
74;44
31;80
41;56
26;38
38;99
15;76
3;36
85;19
73;95
62;7
93;35
95;30
26;91
76;32
64;64
56;15
43;72
49;87
29;19
98;58
2;5
54;53
95;84
32;95
88;86
37;26
11;53
24;12
92;53
5;7
17;20
12;6
91;81
66;24
3;5
47;97
14;27
73;40
81;81
71;30
95;24
23;12
13;34
67;62
44;26
90;24
30;98
67;31
56;53
43;25
1;99
70;14
71;22
64;89
65;90
50;97
97;63
36;49
69;82
66;29
55;48
25;67
63;13
41;38
29;54
30;39
61;41
65;50
89;32
19;73
81;88
22;78
46;49
72;4
60;16
52;39
25;70
45;45
8;27
80;57
39;16
26;4
23;81
23;6
34;77
26;73
89;28
12;8
77;15
26;36
89;96
42;78
98;65
50;84
62;48
23;82
23;93
68;8
90;20
34;56
73;17
88;32
73;85
76;62
66;74
55;83
44;33
74;44
85;63
99;69
93;49
34;11
64;32
22;4
97;74
16;8
52;24
27;55
59;67
73;66
25;26
69;34
78;72
56;96
43;21
24;48
47;42
71;41
77;27
25;44
82;15
84;16
39;74
78;77
84;62
17;48
8;48
47;20
47;93
57;70
11;85
67;15
79;59
26;46
46;9
68;19
8;36
88;1
40;38
40;30
59;41
99;94
84;82
43;20
9;21
57;41
70;87
76;64
44;47
15;86
64;67
34;55
40;20
62;53
26;55
87;39
91;82
27;98
26;35
4;68
53;8
27;92
75;80
49;9
76;27
29;26
70;89
78;54
70;69
73;48
52;46
66;28
30;8
88;39
11;56
27;71
95;70
30;4
51;86
21;39
79;26
100;74
43;28
30;88
70;98
27;31
39;42
96;93
21;47
28;36
1;95
99;97
14;41
32;18
60;82
33;91
99;87
76;15
25;87
56;22
47;38
25;13
98;42
4;3
68;15
80;29
18;20
60;77
16;48
77;74
99;92
16;41
65;23
6;90
15;25
80;66
37;5
8;79
70;9
94;74
82;49
43;86
63;73
11;62
33;80
27;15
42;8
12;28
73;5
19;24
19;31
76;47
5;7
40;79
50;95
19;54
84;62
40;27
94;41
45;88
11;26
23;4
8;17
71;83
74;27
31;76
31;30
37;59
36;82
83;18
81;47
14;69
81;70
21;28
6;74
90;48
41;48
1;96
4;22
61;36
16;75
65;74
97;75
50;70
47;63
83;79
27;22
63;54
18;13
75;45
2;24
27;68
23;33
38;93
41;21
74;81
27;14
73;85
31;66
2;33
42;19
68;85
27;37
92;71
68;53
97;34
5;28
54;5
97;88
53;19
58;8
67;90
49;55
48;90
97;73
89;41
100;28
71;38
71;93
91;50
64;98
12;74
97;69
89;61
70;7
87;19
82;72
71;70
71;35
14;44
4;61
51;63
99;53
73;8
10;50
26;64
57;28
25;20
65;63
88;30
54;7
31;85
88;87
65;34
70;61
82;98
6;64
32;88
11;63
34;2
72;75
11;29
100;16
34;11
95;32
97;85
98;7
72;82
14;14
99;99
70;82
85;63
66;35
86;100
96;20
78;27
73;9
83;14
15;84
2;97
53;57
35;41
45;66
42;14
76;22
80;81
68;63
6;61
39;89
46;10
94;28
43;98
8;54
79;77
47;4
57;89
55;85
64;2
55;33
72;52
71;15
19;32
60;27
94;84
21;45
63;6
20;24
99;62
72;26
49;71
18;96
23;34
79;40
63;65
11;4
12;92
49;76
19;61
57;28
34;54
35;13
94;78
56;54
49;60
92;3
81;92
95;68
79;97
22;2
77;60
95;10
11;25
72;3
93;55
41;1
96;65
4;87
34;62
75;46
39;34
22;36
56;23
6;43
82;49
4;44
83;11
71;63
61;55
76;76
73;84
19;81
68;61
24;18
22;13
79;99
44;27
26;37
48;90
97;57
36;63
67;13
30;87
37;98
84;66
32;73
76;44
62;26
49;37
35;94
40;40
44;98
17;83
64;23
72;51
53;49
64;45
45;61
98;83
72;71
2;64
74;63
1;18
31;79
97;93
90;52
16;14
62;19
41;70
73;43
23;80
84;3
81;33
77;100
88;50
12;76
64;28
91;16
49;100
10;99
75;57
6;70
45;97
51;7
78;90
97;69
54;90
98;37
7;14
79;7
40;31
8;65
93;50
81;61
34;48
16;80
17;99
98;74
35;26
63;2
26;57
62;99
64;24
84;33
49;78
74;18
65;36
43;92
56;73
39;94
72;37
3;70
73;56
87;3
94;20
65;75
9;48
51;82
3;2
8;58
70;48
44;11
42;37
18;86
39;14
56;50
16;18
48;42
98;76
48;36
25;78
82;39
3;4
10;43
61;38
19;5
59;50
60;81
20;77
50;98
36;59
89;37
85;17
81;9
97;28
1;10
75;22
96;74
87;90
10;78
83;29
23;24
14;55
95;66
8;41
23;72
61;66
51;75
75;29
7;68
50;25
79;38
6;19
4;45
7;65
87;25
75;87
6;71
95;55
40;26
83;99
29;66
68;65
76;87
75;28
12;56
52;14
33;81
51;8
26;92
94;97
77;95
55;64
77;60
18;59
41;44
15;77
92;10
27;73
54;21
85;32
56;69
80;8
89;36
87;77
95;10
45;31
48;44
51;7
72;39
48;98
83;41
84;1
24;24
59;3
95;75
69;19
42;47
79;75
58;100
12;86
90;78
20;34
73;41
98;28
26;28
69;52
23;83
84;89
24;40
45;26
81;76
29;26
8;43
14;44
52;71
49;96
77;48
90;80
9;67
76;66
59;7
87;1
61;61
57;14
41;100
29;65
12;29
28;62
32;58
59;45
53;12
72;75
45;18
4;78
96;81
89;43
69;74
34;97
23;60
6;36
60;66
42;13
85;94
66;74
60;38
75;56
97;74
15;18
60;91
61;51
11;3
40;71
99;73
21;96
53;94
58;20
71;41
44;32
18;96
73;20
21;27
20;27
82;63
4;28
13;93
36;12
86;94
10;5
88;1
53;73
7;98
75;13
90;66
13;67
40;75
2;77
15;87
98;1
43;21
75;85
31;80
63;2
29;70
92;48
86;3
79;88
77;60
67;15
40;6
31;66
61;91
89;49
68;9
76;27
27;43
14;73
81;17
36;11
38;96
79;76
98;40
75;35
13;53
92;28
12;93
72;59
15;94
54;5
83;69
7;92
58;94
57;82
35;72
7;51
32;28
28;11
44;100
83;72
51;92
88;1
96;90
74;14
82;13
80;77
26;56
88;32
35;68
58;52
40;60
16;90
64;92
57;71
77;46
42;74
10;24
51;51
25;35
43;22
89;98
12;1
38;31
99;15
14;51
82;42
8;45
26;96
67;96
99;46
83;79
42;8
82;20
47;26
42;28
10;34
13;84
72;67
5;91
78;5
98;58
91;66
11;35
79;67
73;85
87;58
72;73
14;39
43;41
78;22
26;66
95;42
3;75
13;39
46;3
6;61
86;62
33;99
56;24
32;6
6;28
76;99
77;58
97;97
94;42
82;39
63;7
99;97
14;11
11;56
35;77
18;62
25;86
58;92
17;59
1;75
86;30
42;79
13;37
72;6
37;6
4;42
66;55
27;42
45;95
76;82
80;89
24;7
49;90
54;44
78;26
33;32
54;67
41;25
42;84
49;25
45;34
14;12
95;51
57;41
56;88
66;93
70;68
34;16
57;44
13;6
19;1
2;41
80;35
64;45
84;49
6;64
11;27
90;88
20;36
50;59
77;35
64;25
83;28
45;85
53;36
76;32
87;93
66;30
65;69
22;20
