59;89
31;86
73;89
50;51
94;38
67;35
91;41
71;90
97;8
89;11
81;55
78;69
100;98
9;68
87;51
44;93
65;50
89;60
35;16
22;98
74;62
24;59
12;5
51;75
22;37
9;58
83;37
90;62
40;26
57;88
94;43
2;31
44;24
68;96
70;12
76;88
69;7
71;53
32;86
30;54
53;69
89;7
75;67
31;82
63;26
21;64
92;71
98;29
65;81
53;27
8;26
90;91
77;44
90;98
49;91
3;70
28;30
78;9
2;12
83;12
43;48
87;50
8;44
8;9
93;93
75;77
57;32
93;36
50;7
23;23
2;27
21;79
66;64
43;8
55;28
56;6
95;17
72;87
63;69
7;46
76;49
34;35
85;93
96;1
67;44
55;34
12;52
29;98
2;61
57;38
53;16
6;60
27;76
84;45
30;56
31;78
54;57
100;87
35;6
12;22
79;11
39;86
17;1
38;98
52;64
28;12
42;79
24;85
81;58
50;28
43;89
98;78
63;26
48;12
68;35
34;45
80;51
27;95
64;67
67;9
9;76
44;74
77;77
73;98
59;45
3;75
8;96
14;24
82;37
88;95
89;54
98;77
22;42
94;69
8;2
3;8
9;36
4;34
30;100
1;10
77;26
27;54
18;99
68;91
33;9
91;84
11;68
9;81
91;48
81;24
83;70
84;41
81;99
84;75
10;99
22;73
93;77
33;39
100;49
83;94
35;77
18;56
30;95
50;45
94;98
72;85
1;11
91;37
94;5
36;57
6;54
43;37
34;81
6;30
78;83
75;20
7;90
24;8
35;88
11;11
37;96
94;26
79;43
77;2
44;5
38;83
36;80
75;14
27;1
65;87
15;71
32;55
23;10
6;71
18;5
47;59
32;72
43;44
43;82
49;64
51;9
5;51
68;41
25;33
72;62
35;55
39;46
55;13
13;87
52;73
98;8
87;34
77;26
27;15
90;81
24;59
73;53
40;3
29;54
70;60
40;19
4;4
93;29
44;41
47;46
67;83
11;7
76;20
84;63
47;85
17;91
84;1
27;80
3;46
76;66
25;37
92;82
92;64
46;3
73;14
57;49
90;94
27;34
27;8
66;89
51;97
63;69
19;95
95;13
84;82
54;56
5;47
20;49
33;58
24;62
69;29
54;54
28;30
8;94
97;62
40;56
87;13
9;33
72;5
81;63
25;48
60;38
69;70
69;69
10;72
42;45
14;47
88;29
88;78
67;58
12;18
75;95
13;4
83;50
23;40
10;33
48;41
5;31
34;88
24;67
96;53
37;28
75;38
13;82
60;12
82;52
47;29
73;56
51;47
3;25
46;2
23;21
5;28
50;26
89;56
34;75
49;32
84;33
27;27
58;48
37;9
72;5
97;63
83;38
52;12
39;29
25;34
20;64
60;79
94;69
35;98
38;99
19;20
68;52
59;70
96;38
60;89
31;17
26;31
58;22
10;3
40;96
99;47
32;42
81;12
7;14
87;31
99;43
41;42
78;37
13;42
75;5
32;57
74;11
22;15
63;36
69;95
30;73
81;89
72;85
50;58
61;28
98;65
85;67
100;5
2;97
20;2
31;1
65;39
36;38
11;38
70;96
31;98
59;66
49;97
63;17
14;88
81;1
45;27
32;77
5;70
15;31
85;71
79;2
57;67
77;65
17;23
18;99
84;62
13;34
84;64
49;10
41;79
94;53
12;53
4;44
8;22
87;74
3;94
82;75
90;50
67;26
99;99
48;94
63;4
89;45
29;23
37;31
22;43
13;30
5;69
43;23
74;70
37;13
100;49
59;76
61;23
77;54
78;43
68;6
57;40
38;98
9;97
100;33
18;86
38;95
1;59
42;78
65;16
11;27
21;91
95;55
7;22
8;4
23;37
33;29
66;68
26;43
25;55
14;91
58;24
72;77
19;22
50;91
41;78
73;42
81;39
51;62
59;37
42;74
1;50
68;25
50;71
10;5
25;28
85;52
89;82
90;22
87;31
56;10
27;11
53;53
73;42
22;44
49;73
29;12
2;47
54;12
89;11
76;83
32;55
14;81
85;52
73;86
85;2
74;95
17;41
34;19
35;10
34;12
95;15
33;99
94;52
60;72
33;19
26;40
49;31
18;54
52;23
30;55
28;14
69;62
70;89
97;9
24;7
21;75
71;91
45;40
53;31
75;64
99;75
66;22
64;45
59;41
54;9
67;3
2;89
90;66
40;54
70;44
32;54
78;33
37;60
72;67
77;47
21;85
89;87
77;70
21;20
2;100
50;52
26;4
21;66
84;17
79;52
9;23
15;81
43;51
10;76
37;92
43;42
35;27
27;64
2;29
1;45
23;47
81;86
29;51
5;92
48;88
28;73
15;88
59;43
25;58
31;72
31;39
49;96
6;97
30;63
19;84
28;62
45;61
53;37
55;5
46;13
1;88
90;72
21;62
25;82
14;30
12;36
2;65
71;80
53;12
80;27
84;58
54;46
16;29
30;73
97;76
65;40
59;21
86;24
54;85
74;23
30;41
91;13
8;27
6;62
15;99
97;96
27;31
13;16
24;34
14;28
52;4
46;34
51;30
97;90
7;30
70;89
89;26
76;96
57;42
80;71
33;94
67;39
84;2
72;26
32;39
90;24
9;66
1;1
58;25
68;26
55;1
89;7
84;74
72;25
43;54
79;80
6;36
62;91
44;47
7;89
52;53
46;34
55;34
48;16
57;28
65;17
51;92
88;85
49;68
46;59
42;23
41;28
43;65
34;34
50;33
2;41
98;66
63;14
37;77
6;25
58;68
22;89
99;64
10;27
89;54
1;55
42;77
60;4
42;36
70;65
51;3
54;9
40;15
9;87
62;25
73;82
27;99
8;47
51;69
1;47
45;44
47;3
49;66
35;17
16;25
55;17
63;13
28;6
43;12
84;17
47;16
49;20
12;71
88;6
59;82
27;28
18;56
32;46
57;15
86;30
67;56
73;14
24;86
86;36
78;60
30;87
46;44
92;23
89;92
24;66
63;14
90;25
59;9
12;26
66;80
13;88
38;35
96;27
31;97
20;34
89;35
2;8
36;4
36;90
43;80
25;2
40;68
12;15
63;29
70;14
89;28
28;96
13;66
9;28
40;34
42;28
55;9
6;20
7;7
18;42
69;89
91;10
81;1
23;76
50;47
40;99
65;3
63;21
87;95
98;82
17;53
4;98
84;23
59;75
92;100
99;17
83;81
49;12
63;79
58;93
5;56
91;19
71;15
27;98
47;37
67;55
59;2
99;59
37;7
38;23
55;81
2;75
24;76
61;4
88;47
99;14
59;61
43;27
96;28
49;33
97;52
20;75
30;88
49;97
23;45
62;50
42;24
28;79
89;32
91;74
64;66
68;78
10;3
40;23
97;12
53;19
82;32
70;70
51;52
28;22
84;11
49;73
80;26
79;93
27;7
94;24
81;36
52;33
72;59
85;97
65;28
69;67
79;24
50;88
67;86
7;22
62;35
43;40
63;59
53;22
5;88
24;45
66;65
68;94
75;24
66;36
92;76
68;49
28;34
22;100
62;38
90;91
50;51
14;47
72;51
77;7
55;58
47;15
3;3
16;57
23;1
82;22
64;60
55;83
42;87
29;81
36;57
57;10
60;17
66;81
6;37
55;56
46;71
3;61
54;28
3;65
58;3
9;75
40;53
4;32
3;82
80;37
63;67
91;6
38;16
62;55
9;4
65;28
87;70
17;5
56;31
88;68
1;17
48;31
30;9
89;35
30;66
96;51
57;75
16;81
79;40
78;5
18;97
25;62
61;42
78;87
46;27
23;81
2;47
14;76
55;41
46;66
49;18
95;91
2;27
65;28
3;97
30;17
56;68
77;81
68;30
44;83
21;57
32;95
75;78
63;74
61;97
13;8
42;12
16;94
40;57
61;51
74;29
6;39
62;25
94;46
89;89
34;61
100;97
5;98
79;42
45;62
46;58
65;58
98;22
51;65
99;69
41;87
71;84
73;66
85;94
41;99
81;17
53;46
27;16
19;63
1;31
56;4
38;18
39;23
10;7
23;42
54;61
22;25
95;40
23;50
59;59
9;58
92;2
76;24
53;87
8;25
24;78
11;29
76;15
39;96
78;86
75;15
45;13
100;44
77;46
75;34
15;6
4;65
78;18
37;21
79;31
37;65
33;55
84;12
69;62
78;85
70;27
14;53
68;32
9;56
94;92
69;56
29;72
82;76
92;73
61;95
1;9
73;17
11;34
41;97
74;91
4;69
78;47
8;39
29;15
52;20
13;63
13;70
63;27
32;14
32;74
80;44
90;19
59;39
91;84
61;20
1;81
7;67
16;59
100;60
10;26
99;9
2;97
23;39
52;10
51;27
91;40
62;25
79;81
56;51
32;81
9;54
61;9
99;5
20;75
32;2
89;7
86;32
63;54
33;9
5;95
68;66
31;49
87;34
10;36
35;96
82;3
14;26
57;27
63;5
51;34
45;91
62;74
77;73
66;63
61;61
82;13
56;50
53;31
85;19
72;20
24;70
59;80
52;75
3;72
42;50
23;67
43;44
31;95
17;13
59;30
28;17
81;2
58;31
62;44
90;50
51;74
7;28
1;49
4;50
90;85
82;22
10;96
48;3
92;5
38;2
78;12
9;57
52;61
17;6
54;54
36;18
51;38
92;100
67;48
43;45
33;27
98;4
68;66
35;5
22;10
21;10
70;40
96;99
73;19
47;98
28;16
62;4
97;40
51;24
79;95
31;33
57;1
26;20
51;26
76;76
51;8
20;84
64;77
7;37
4;35
1;6
81;65
89;52
1;95
22;58
22;94
24;10
15;52
61;63
4;41
16;52
44;61
83;72
32;100
39;42
71;22
17;53
27;97
38;100
56;48
95;3
30;42
68;64
25;97
85;86
63;95
85;35
55;70
59;40
100;49
86;46
75;26
53;96
37;95
98;70
39;12
82;10
94;86
39;80
50;24
86;11
90;78
89;85
61;46
86;65
5;15
83;10
88;84
28;72
68;31
94;29
39;90
13;71
55;18
92;97
42;86
48;8
64;35
28;7
64;10
40;33
14;100
44;12
33;99
71;96
29;59
27;84
85;100
9;55
92;91
87;34
68;39
5;84
10;89
4;82
48;71
17;40
84;16
11;87
71;7
80;10
93;85
45;35
29;57
56;51
41;51
29;68
11;67
18;56
33;68
94;78
96;86
99;67
54;18
91;81
98;67
92;54
22;20
88;76
83;51
80;29
46;51
84;18
29;87
57;29
45;45
37;66
56;99
78;31
71;77
26;20
46;47
92;62
92;44
19;1
99;40
14;82
56;80
1;80
30;65
17;33
65;26
90;96
10;7
42;97
3;88
2;56
38;25
31;87
99;13
28;55
74;61
2;62
90;50
50;57
17;47
62;41
39;51
92;58
93;29
25;9
73;23
32;37
23;90
2;75
16;97
52;21
22;18
75;75
77;65
92;71
76;52
65;56
35;3
26;87
19;26
76;7
43;62
46;3
15;36
83;32
59;11
25;67
96;24
78;64
96;59
85;59
92;46
6;21
55;4
94;70
17;73
60;36
71;18
98;95
85;11
16;10
100;69
50;93
45;22
100;68
4;6
51;79
77;55
70;44
34;69
65;7
43;80
77;88
52;5
72;12
45;59
53;56
71;33
78;70
16;68
16;34
21;6
83;56
41;32
28;4
32;43
19;6
21;71
65;49
10;11
52;72
83;48
36;95
5;71
94;70
64;43
22;61
60;53
17;64
93;31
32;43
94;90
98;78
19;64
40;81
25;66
21;73
78;7
78;16
31;44
58;2
63;85
30;28
83;86
25;9
65;18
54;28
36;94
11;71
71;23
61;61
20;16
24;83
25;32
4;50
89;37
49;1
80;13
73;53
43;34
41;87
11;83
39;82
12;33
1;21
14;53
80;19
85;10
94;96
82;19
4;32
42;100
93;46
16;14
80;10
96;84
17;30
12;63
63;72
94;28
90;59
82;8
76;94
15;44
76;93
76;84
25;32
49;64
27;27
37;59
39;31
68;2
59;66
80;89
98;97
22;82
95;79
53;38
100;90
21;85
45;32
46;30
23;4
20;12
4;5
6;75
58;63
56;25
20;33
46;52
75;2
95;5
61;23
71;77
55;54
68;48
4;23
21;43
75;23
36;26
57;90
40;58
26;42
11;1
32;5
34;41
100;45
94;77
17;89
50;23
89;23
65;10
17;24
80;80
95;14
86;69
7;50
14;5
64;84
57;76
33;93
62;8
57;76
24;85
46;17
51;12
16;50
98;64
51;85
53;62
22;5
66;42
32;43
89;14
94;17
22;80
19;94
45;68
87;51
22;71
71;57
24;91
11;96
68;26
1;12
79;92
71;93
100;32
48;95
44;84
26;42
59;12
54;40
3;39
2;1
4;53
69;7
38;50
24;45
100;96
76;46
84;85
40;100
77;21
63;68
18;26
46;91
4;30
37;25
56;62
59;40
37;70
4;15
72;69
81;11
19;50
32;81
22;26
94;38
68;4
41;59
60;35
83;52
66;12
80;37
38;67
64;84
26;60
22;38
18;46
37;16
94;64
80;66
54;91
11;38
4;48
21;30
46;71
21;67
50;49
86;69
91;43
50;62
99;65
60;5
42;19
82;24
48;3
79;49
8;27
94;27
3;22
37;91
32;66
35;54
5;49
95;47
90;28
20;66
33;51
78;65
53;41
71;97
90;13
14;54
44;37
31;74
32;46
74;97
19;26
77;31
30;49
2;24
5;73
68;70
6;13
7;18
89;22
73;98
83;24
20;42
55;55
66;67
4;59
22;41
81;91
36;78
43;82
36;36
27;30
68;62
46;61
96;47
22;17
100;72
30;47
40;72
50;71
84;53
24;76
80;84
48;59
2;61
54;8
24;36
76;94
35;77
2;97
78;21
33;63
84;13
70;1
13;60
84;70
78;98
50;67
68;89
57;1
53;69
58;24
66;76
91;9
46;20
83;86
54;95
75;35
18;21
41;51
70;66
84;18
45;36
53;27
35;83
79;33
81;89
89;35
11;53
43;57
32;31
85;74
63;79
26;19
94;27
79;81
9;51
72;55
50;30
55;96
44;46
63;5
27;15
11;72
22;44
82;49
57;10
78;75
99;58
83;85
26;82
50;99
18;58
58;35
58;58
22;37
22;11
41;30
79;96
27;96
72;6
83;9
3;69
13;43
7;92
32;55
47;79
19;13
96;36
87;94
31;78
84;60
93;2
45;25
35;35
28;27
7;28
87;49
86;27
54;71
61;57
62;16
50;22
55;61
87;58
59;6
78;77
37;27
87;60
86;4
92;92
7;72
29;57
45;39
74;86
19;44
49;22
43;56
93;10
24;38
18;49
44;69
25;17
28;32
27;52
36;90
79;30
30;85
56;16
67;27
79;41
21;39
59;21
72;80
92;32
8;43
63;64
95;77
41;77
15;29
97;89
62;77
65;32
93;24
47;39
62;43
25;16
36;54
79;71
79;18
23;30
26;4
24;93
46;99
9;99
88;52
65;68
11;91
32;46
43;80
71;91
29;26
7;2
7;17
23;59
38;36
17;42
6;41
31;57
46;49
30;18
31;42
79;31
3;99
79;56
42;82
1;47
64;46
8;10
13;99
99;29
14;98
95;10
4;94
94;12
56;58
61;16
61;34
31;88
91;94
3;2
46;76
100;15
66;69
46;41
63;80
55;2
16;56
37;19
71;38
68;4
87;44
18;76
3;33
22;98
61;56
78;80
20;39
52;31
26;90
12;78
59;48
52;52
63;16
53;55
9;84
9;41
76;92
90;62
37;23
2;30
35;90
27;99
23;49
3;25
50;5
23;80
30;61
79;97
80;77
21;11
9;37
69;11
5;78
66;84
83;56
58;96
87;91
16;73
29;76
68;41
22;96
85;70
60;89
27;53
75;91
20;29
40;34
11;74
28;15
30;34
57;54
54;65
53;40
35;12
53;48
79;31
29;62
17;38
18;22
9;81
57;49
76;67
31;46
38;29
15;89
32;77
89;25
8;64
21;63
92;76
32;27
20;48
42;52
6;26
14;95
89;83
41;76
14;94
28;92
13;43
25;10
86;63
2;61
90;90
16;96
43;77
45;2
3;27
17;45
90;53
32;89
86;50
18;97
95;18
9;63
92;54
87;47
52;97
61;78
51;57
92;63
16;40
68;79
16;22
27;31
20;70
91;97
12;79
92;57
26;84
27;79
7;79
39;69
74;87
59;31
47;18
20;84
71;28
72;65
87;90
93;58
41;59
15;10
98;2
87;26
49;86
44;54
78;63
46;39
42;98
85;7
56;98
21;76
61;41
51;47
83;88
70;19
94;26
87;17
44;7
93;31
42;73
88;31
19;91
37;19
42;47
36;100
68;53
28;21
63;22
58;2
44;69
50;43
49;98
21;52
56;63
4;15
81;7
51;56
88;17
45;8
9;91
54;27
61;34
22;4
80;81
19;30
8;64
67;52
88;61
94;52
75;100
20;47
100;76
82;98
6;95
53;42
36;2
49;38
78;89
58;81
28;91
22;19
66;40
8;9
73;49
90;16
64;81
70;8
31;59
54;77
34;35
17;48
80;33
99;30
93;85
9;25
43;99
33;56
57;29
8;97
3;79
61;25
30;5
52;24
51;19
83;93
15;94
91;90
53;2
78;27
13;52
59;87
45;9
51;29
72;9
77;65
32;31
10;93
16;85
92;43
20;10
64;34
98;97
2;63
14;53
49;89
10;72
47;82
31;85
24;11
8;9
24;64
47;41
16;25
36;94
86;50
75;67
77;68
29;41
47;23
7;85
66;44
67;43
3;13
30;43
73;80
41;8
41;51
63;79
86;19
63;93
59;93
99;37
26;14
73;57
34;30
74;25
58;11
97;100
79;54
79;6
83;67
74;56
17;20
81;47
64;94
30;38
92;44
21;65
19;7
28;12
16;52
41;66
86;79
53;6
41;11
9;22
16;59
1;42
49;89
83;56
57;85
25;31
32;94
41;34
84;24
82;95
38;52
89;54
78;33
27;51
99;59
61;81
89;77
66;80
99;34
5;15
60;87
28;20
82;14
88;53
85;17
4;90
2;81
38;27
54;67
8;87
6;89
79;55
56;11
73;20
50;99
4;44
52;51
20;78
11;86
39;10
22;45
35;40
45;23
51;34
37;14
15;16
58;5
50;91
24;69
75;41
63;16
97;16
40;14
81;98
61;62
91;41
73;3
73;34
78;7
68;69
2;80
87;52
23;72
20;92
90;8
33;75
62;64
41;14
93;22
3;14
46;2
57;73
35;31
67;58
8;86
12;14
90;89
70;27
86;31
15;28
79;1
51;54
12;48
63;20
80;67
41;25
8;18
56;46
96;60
25;64
79;51
56;60
78;9
4;29
80;51
84;19
5;36
36;64
21;41
78;13
55;56
90;88
89;96
88;35
26;37
43;37
84;89
78;51
92;25
60;39
35;68
63;1
83;51
75;20
41;57
97;68
31;77
59;49
2;78
81;63
84;62
84;28
34;93
82;93
8;65
24;73
86;5
6;98
33;95
97;9
58;84
16;85
92;65
41;63
41;38
98;2
96;64
58;74
65;87
64;73
68;65
84;21
95;18
31;35
33;40
23;41
29;27
64;27
98;21
92;93
49;80
40;80
98;47
78;18
52;51
46;18
75;64
52;50
4;100
55;31
13;62
96;41
74;58
79;54
77;81
100;11
63;5
66;77
55;83
85;6
82;80
2;86
87;38
13;39
6;83
55;83
82;86
72;9
37;37
38;46
39;35
50;13
98;29
60;92
75;67
16;37
56;78
45;83
2;74
28;97
11;69
23;80
27;42
93;82
55;17
22;19
52;27
77;96
33;70
68;13
84;100
75;25
44;4
23;96
19;67
51;20
93;70
10;57
43;67
5;62
35;25
45;79
22;65
18;65
30;34
85;57
83;61
85;3
25;99
80;48
72;53
75;34
5;41
69;59
85;36
72;95
18;12
5;30
33;64
24;81
72;94
15;48
26;91
44;12
77;21
4;17
85;70
11;18
50;86
57;98
42;2
52;99
54;87
97;36
86;21
46;62
97;2
16;4
8;3
100;76
45;41
50;79
68;75
21;63
53;97
78;72
99;19
85;30
3;51
71;80
42;20
74;5
29;32
33;37
20;100
97;37
70;37
49;45
39;68
63;22
19;7
100;23
4;12
31;30
15;12
19;5
99;76
84;63
52;55
38;3
10;29
32;14
67;60
69;58
6;17
91;61
35;57
61;79
93;67
94;30
73;50
30;5
80;24
45;38
49;74
92;92
69;3
72;97
87;46
93;37
4;86
57;73
47;4
53;3
57;32
59;18
49;91
38;42
91;51
84;53
51;78
75;5
2;39
2;56
2;43
57;49
26;99
39;98
96;98
90;8
67;36
18;24
46;86
87;25
31;61
18;83
68;62
81;35
1;51
83;15
81;29
63;71
80;28
4;11
37;46
71;9
99;3
9;77
83;68
49;93
5;91
93;70
25;39
40;87
53;2
47;43
98;22
75;27
42;30
62;12
74;74
64;48
31;12
34;67
4;6
60;11
24;9
85;63
48;39
16;11
22;31
15;81
71;26
26;4
49;10
97;14
88;51
17;7
33;51
60;37
79;80
62;96
25;7
94;42
22;76
28;26
21;69
62;66
24;70
68;56
37;44
10;2
88;58
83;25
24;27
100;99
38;54
83;24
16;56
15;93
92;24
68;68
85;11
74;35
49;38
49;9
54;56
35;67
43;46
79;50
49;15
8;77
38;56
50;60
14;72
83;57
23;10
32;11
63;11
39;25
86;44
99;74
83;27
61;16
91;89
74;43
41;2
50;92
7;84
80;22
2;35
45;87
47;23
72;92
45;64
33;9
100;49
12;96
70;53
79;26
49;64
92;44
94;83
7;99
100;46
2;92
60;45
6;2
91;29
27;70
87;69
37;10
92;9
37;76
76;19
40;42
75;30
66;36
61;69
89;85
79;49
49;44
61;26
80;31
97;54
50;43
74;18
64;70
23;86
77;3
14;81
97;17
66;20
40;26
28;43
98;41
92;94
41;10
28;12
91;75
58;24
94;26
57;14
65;22
48;76
62;43
9;10
27;59
24;21
69;46
57;19
71;88
84;85
87;52
7;65
69;15
43;31
19;93
99;56
58;3
1;81
100;43
48;21
27;50
60;32
24;65
53;56
8;22
47;48
11;48
