82;13
85;61
65;24
60;87
18;73
43;88
5;83
87;73
14;74
98;70
18;91
69;43
25;51
4;27
34;57
62;31
81;22
19;40
23;67
38;97
27;86
68;68
10;31
75;56
87;66
93;20
53;80
35;100
12;78
87;42
70;6
98;35
6;71
36;83
27;46
52;32
64;52
38;97
33;64
70;93
55;42
73;24
47;86
46;52
16;10
26;93
93;100
68;56
76;46
77;75
42;93
60;44
73;78
41;8
85;58
43;29
41;21
42;61
30;50
81;32
80;53
8;82
28;91
1;48
60;67
48;13
4;59
27;77
45;93
75;55
45;26
40;52
78;20
51;1
13;35
1;36
54;21
77;84
27;14
75;25
4;66
15;69
93;22
86;44
47;5
55;48
83;40
28;55
91;66
59;31
98;22
30;71
93;17
57;6
21;23
83;41
60;95
6;21
94;17
41;69
33;38
46;46
22;8
75;6
4;56
59;30
49;16
58;87
71;66
40;74
36;96
64;64
34;2
88;46
55;7
79;82
70;49
86;72
26;51
70;75
52;29
16;4
91;36
82;47
61;25
52;20
46;68
37;8
73;32
53;75
6;27
65;67
70;35
24;5
66;38
40;25
61;62
60;2
5;1
10;47
84;68
23;99
32;46
38;75
52;63
86;37
60;14
49;17
77;66
98;1
1;14
2;43
21;3
92;47
7;51
65;30
64;17
29;50
40;8
68;12
91;71
29;46
41;88
4;29
57;94
51;5
18;14
8;98
26;41
25;67
12;54
62;10
33;2
19;9
20;43
45;84
95;31
97;89
31;37
74;16
87;77
17;65
11;61
6;27
96;33
16;13
16;87
61;62
46;44
41;27
27;32
42;97
40;58
51;12
77;95
23;85
52;22
97;28
5;2
73;20
92;7
26;16
52;37
40;60
44;15
51;6
59;4
32;20
60;61
70;38
56;38
46;92
64;75
82;93
71;58
20;18
95;31
24;98
63;15
83;88
32;37
57;25
73;29
23;48
7;74
42;93
92;31
38;55
87;33
16;75
96;88
6;43
63;89
1;43
33;2
89;4
10;38
43;84
11;44
78;86
73;95
17;9
48;36
35;7
67;92
87;43
75;25
21;98
2;76
12;41
69;79
54;63
67;95
48;99
13;88
74;48
98;65
93;97
40;90
54;41
49;11
32;18
59;11
34;79
67;41
71;92
87;15
92;8
96;57
89;37
23;77
30;81
48;99
78;45
8;12
52;92
71;58
78;47
92;57
74;6
30;75
84;92
42;73
47;73
50;20
76;42
22;69
63;98
40;13
30;100
45;61
65;76
13;55
65;88
8;46
66;45
91;48
14;73
29;14
83;55
43;83
34;84
20;21
51;5
16;2
54;12
28;21
8;45
73;19
48;27
37;74
13;84
96;53
69;58
57;74
66;89
2;58
65;49
90;67
5;97
12;12
81;50
8;42
11;6
78;23
71;23
44;91
26;44
29;64
75;80
18;14
57;9
23;70
89;57
32;48
65;41
29;35
43;95
91;37
52;48
52;90
94;14
66;71
76;97
90;78
72;5
20;95
40;73
43;8
65;1
21;51
53;63
56;13
9;59
56;18
96;13
93;33
82;48
20;8
94;25
97;31
3;27
65;11
81;99
91;4
2;80
23;9
70;46
75;88
13;81
97;72
5;74
18;3
24;70
16;21
90;86
76;43
58;77
68;97
100;62
88;94
26;32
53;27
87;40
17;13
97;93
18;90
36;27
38;38
100;15
7;40
69;81
76;74
69;74
4;74
55;94
94;35
11;15
22;8
23;13
26;51
41;71
16;29
30;62
28;53
54;14
3;42
78;63
76;81
93;52
49;24
38;51
68;21
17;45
64;61
29;12
6;92
48;82
94;13
63;74
75;31
94;28
8;60
22;61
26;38
83;92
6;21
85;26
68;20
28;30
8;84
15;5
60;35
64;41
22;86
78;93
1;40
100;76
93;3
2;69
32;83
99;62
89;29
78;30
48;80
25;9
74;70
93;16
54;63
61;35
95;79
95;96
61;47
24;78
67;78
7;37
67;54
68;43
30;55
34;74
90;86
23;31
9;81
24;2
32;11
84;65
45;15
43;69
14;77
5;96
50;75
91;96
3;92
63;27
100;32
80;49
93;53
78;99
66;27
90;66
39;46
73;43
87;47
98;95
39;92
46;22
67;43
87;100
46;76
94;19
39;38
31;73
58;57
71;3
19;73
98;69
29;26
3;44
17;48
14;91
92;9
30;27
82;76
64;15
40;49
95;71
34;48
42;78
75;79
59;76
79;80
20;42
52;1
96;91
21;94
100;16
74;30
40;86
55;42
31;3
8;56
69;63
70;28
64;29
42;2
18;3
82;60
89;80
87;26
20;84
31;80
50;70
91;6
31;73
7;45
17;49
5;100
89;97
7;80
35;72
9;82
45;98
34;39
16;91
36;72
72;47
73;55
54;97
11;6
62;62
39;29
49;11
76;20
95;97
5;53
18;27
98;73
27;60
87;16
2;3
86;82
72;90
67;91
54;21
25;12
42;47
27;72
6;36
3;72
20;83
53;38
22;53
94;95
98;40
73;23
46;82
92;100
30;100
94;20
1;69
36;92
30;42
53;34
84;74
90;12
16;33
13;4
74;61
3;49
95;96
87;69
69;28
49;68
100;26
12;68
76;8
40;42
92;19
63;35
89;48
33;50
80;87
83;39
21;27
17;27
80;11
16;45
58;46
75;96
58;84
12;4
20;23
82;25
67;91
40;9
35;72
17;4
6;87
58;96
57;97
58;6
45;43
39;95
71;57
66;7
69;97
78;65
12;87
100;71
22;87
22;19
79;40
1;29
24;75
69;77
62;67
89;10
56;20
61;57
66;17
31;14
34;100
100;96
21;41
100;41
99;10
86;39
69;31
94;14
47;55
30;58
18;35
98;66
92;93
24;88
66;71
79;13
51;31
10;47
37;69
95;49
71;59
36;88
94;1
100;7
54;56
45;2
53;77
1;35
22;2
25;8
8;59
58;53
78;88
43;7
34;81
7;78
88;36
80;88
3;4
31;64
38;90
7;68
14;58
63;92
48;75
97;51
40;68
55;83
86;80
32;5
84;57
37;10
58;11
60;60
11;21
92;71
95;80
56;13
90;73
29;20
11;1
71;76
56;77
95;89
21;100
82;33
97;37
9;22
33;85
49;91
48;40
38;96
17;69
36;7
9;20
8;91
88;62
83;70
68;93
64;95
56;9
22;45
79;86
67;61
43;47
34;27
62;39
8;92
48;98
25;40
38;97
52;47
49;60
92;79
65;18
25;8
12;65
81;10
58;78
68;62
26;43
41;44
14;85
26;79
72;60
34;3
84;10
18;72
82;26
93;57
41;51
100;72
54;40
78;62
21;56
69;43
48;23
45;80
86;53
96;9
17;9
14;4
82;7
89;67
88;58
40;15
14;10
6;54
76;43
13;79
53;51
27;51
84;80
73;47
63;67
27;48
58;35
41;67
17;69
87;25
38;5
75;22
95;76
44;52
18;72
25;27
46;68
46;3
31;66
42;13
70;88
54;33
49;97
75;68
77;39
87;25
50;47
58;95
44;41
15;35
34;87
56;65
66;63
96;35
44;50
63;21
10;90
16;46
60;73
34;85
69;17
5;72
35;76
76;16
90;38
53;48
25;38
18;20
2;6
64;54
60;42
7;57
59;25
60;75
85;28
9;4
71;48
41;75
2;27
76;72
51;32
41;40
56;53
89;73
36;39
62;99
58;10
20;86
57;18
61;99
83;42
62;29
61;17
60;18
77;85
6;79
44;74
16;17
68;55
27;55
80;74
49;93
87;24
83;81
96;31
99;54
22;22
21;14
27;28
34;88
96;66
68;23
37;60
18;46
70;4
79;54
74;40
81;36
8;52
42;18
51;79
34;10
2;42
74;81
17;48
34;18
51;18
59;33
66;4
45;22
98;70
8;30
59;34
69;65
9;86
71;23
49;28
50;47
22;88
77;67
65;73
1;53
22;5
27;47
2;95
56;17
19;38
93;1
56;33
41;96
36;9
15;32
47;54
44;50
37;69
78;11
52;11
97;97
37;98
54;19
85;42
87;58
62;87
73;73
86;4
99;61
15;6
9;99
41;73
20;13
6;98
76;76
38;7
80;3
18;69
35;40
81;48
49;64
59;10
81;93
89;15
56;38
47;85
3;29
32;6
34;51
49;31
69;48
75;62
32;24
49;12
77;53
35;16
41;94
77;82
72;40
13;58
19;79
22;71
78;77
43;83
21;99
30;11
1;12
13;95
79;9
14;26
42;68
9;56
86;50
13;32
94;76
93;83
69;39
81;30
59;97
62;77
77;46
52;24
13;64
67;65
95;91
54;62
42;52
76;90
78;72
86;32
90;58
6;9
9;95
24;58
5;100
11;31
75;12
70;2
25;62
73;18
83;86
16;95
59;95
34;6
61;20
61;3
7;82
92;54
84;27
57;83
94;64
52;79
95;97
24;53
93;99
100;64
24;49
44;40
70;53
54;16
57;55
47;48
24;37
20;37
91;26
71;10
24;22
44;62
3;58
92;65
55;61
38;88
51;35
99;99
53;20
17;100
11;17
80;19
40;94
47;52
15;5
73;97
21;71
81;9
18;13
36;68
51;97
88;65
98;62
8;63
77;58
16;98
69;10
26;79
20;31
14;41
67;7
9;86
69;18
57;1
18;46
14;12
70;6
22;40
56;85
56;42
20;42
28;36
80;56
62;64
18;95
88;61
88;29
94;26
28;7
98;18
22;25
77;63
50;66
17;92
87;62
17;11
9;89
49;99
35;70
42;23
23;64
98;26
92;59
20;92
39;34
30;55
23;61
64;91
6;91
34;88
59;41
79;48
43;64
88;78
68;65
30;65
54;65
58;24
68;19
85;55
85;98
81;16
71;33
53;37
5;80
23;79
90;29
59;88
76;45
13;53
36;26
58;1
5;36
81;27
93;92
76;94
3;38
61;23
79;39
36;56
62;12
46;71
41;7
50;53
41;62
64;70
30;61
88;58
17;89
55;21
18;3
90;32
55;85
99;39
64;79
54;53
58;97
70;38
11;22
67;15
19;22
49;4
85;90
43;9
34;1
89;59
71;11
49;37
10;72
78;38
92;56
37;21
48;76
89;39
63;85
47;67
45;24
96;44
52;85
62;50
96;23
65;31
38;51
89;2
14;78
48;51
21;73
98;89
41;93
66;49
41;85
74;56
3;4
19;57
50;79
29;29
86;70
41;46
73;83
34;32
67;51
42;79
22;14
3;32
32;89
21;70
28;19
88;61
10;30
48;34
65;74
1;72
66;96
10;43
38;15
33;71
76;63
62;24
82;77
69;60
21;25
81;84
19;73
71;74
63;44
98;65
16;71
14;70
27;54
46;60
14;74
64;89
43;64
39;72
87;36
93;56
45;41
34;2
77;78
72;34
20;84
24;8
78;33
41;22
83;95
84;96
61;79
16;44
87;61
26;91
33;18
86;19
60;88
51;56
63;72
1;95
31;76
92;5
32;13
37;24
48;55
30;39
82;17
84;20
19;18
57;81
8;28
47;74
83;63
85;70
97;5
31;50
69;89
23;64
90;35
27;37
74;48
94;4
37;33
93;56
32;7
30;84
35;80
99;62
59;28
77;72
31;29
53;51
9;58
4;82
73;34
97;44
30;9
31;89
6;91
12;72
64;85
96;72
44;42
66;81
63;29
62;23
37;95
66;73
59;53
97;87
100;23
24;50
43;20
83;77
52;71
44;80
81;68
35;86
19;37
6;38
90;73
64;94
94;21
51;85
94;28
1;57
78;5
45;50
83;93
29;34
74;2
15;14
90;34
63;1
36;10
81;40
20;11
59;79
94;80
94;39
20;58
11;31
65;48
47;47
22;30
18;24
94;41
63;54
8;58
57;89
70;5
39;46
63;79
92;43
8;42
2;22
3;67
30;84
44;30
97;87
56;6
96;99
51;95
91;93
79;89
5;15
43;33
31;88
1;69
34;67
32;70
48;92
88;58
30;72
80;21
67;90
44;2
21;2
68;8
53;25
4;43
36;28
66;62
69;27
22;32
93;51
76;90
35;70
71;32
100;89
41;63
42;63
71;96
83;78
22;21
29;16
14;91
16;42
83;37
34;98
75;5
59;76
71;98
39;96
11;53
93;88
49;93
76;86
53;25
55;32
84;22
81;74
85;26
85;95
92;22
33;6
98;34
88;66
59;81
42;47
26;90
76;99
52;7
36;77
100;13
36;29
40;4
86;33
51;94
62;62
32;92
22;76
18;15
65;83
32;5
34;40
99;27
93;85
8;4
9;55
11;68
89;55
96;6
11;41
91;21
5;51
14;66
47;94
16;32
44;21
8;94
13;90
42;3
33;18
59;46
19;36
58;75
9;14
96;96
69;91
100;25
93;24
52;98
6;87
99;73
91;32
96;29
80;12
19;19
38;27
75;18
84;21
97;55
4;68
55;58
13;48
19;72
83;2
92;60
15;31
7;60
15;84
12;83
79;12
95;24
17;26
98;79
86;37
9;24
70;19
6;58
51;49
87;48
62;36
29;86
7;42
68;15
37;91
82;55
34;70
75;21
82;95
45;63
80;84
28;32
64;50
25;66
5;52
88;94
71;41
12;86
39;30
57;70
61;81
3;61
29;23
80;34
52;73
67;34
63;49
2;25
66;91
32;4
66;99
93;62
29;98
54;15
88;14
11;82
100;21
69;92
35;84
21;10
82;38
81;90
68;28
60;12
96;71
74;90
64;22
21;92
76;23
83;65
10;52
24;68
88;94
4;20
37;13
70;3
32;63
39;31
97;89
70;66
86;57
64;93
64;35
71;46
45;53
96;42
50;16
19;87
89;5
77;5
80;38
54;45
23;52
56;8
55;4
32;7
32;37
55;83
40;99
74;24
65;92
88;97
19;94
67;95
59;92
19;68
72;80
26;81
99;41
12;74
3;77
10;26
55;18
95;57
7;54
45;45
21;83
66;27
82;8
65;77
67;72
6;22
18;28
40;89
70;88
38;1
23;78
49;34
9;55
46;16
95;46
23;77
99;29
81;97
26;84
56;57
18;31
64;97
50;33
93;70
30;56
5;3
24;38
41;34
95;18
9;21
34;84
30;28
77;68
52;88
19;77
45;51
66;49
12;92
65;21
73;5
29;28
78;17
8;60
51;38
27;23
64;74
14;96
51;16
37;17
51;92
3;35
17;93
4;13
52;41
22;16
85;32
49;73
46;86
10;69
3;13
7;86
67;86
6;97
23;34
8;80
29;31
47;50
99;86
15;22
11;98
62;4
15;3
78;33
6;90
23;50
9;99
86;9
72;79
93;58
13;4
70;92
8;41
9;74
82;12
37;21
55;30
86;66
72;43
37;6
12;64
72;3
9;90
40;5
12;12
1;93
97;27
22;5
84;36
81;93
67;18
61;47
60;51
16;61
50;16
95;56
95;63
24;40
91;23
51;56
32;40
56;12
83;14
62;99
16;75
15;99
92;90
68;25
14;78
16;11
86;75
45;83
76;99
36;92
38;78
67;62
25;3
37;87
79;100
53;10
43;95
43;57
6;27
88;62
53;2
20;28
57;5
25;41
77;51
86;25
70;85
11;21
24;90
56;82
77;21
59;68
10;74
96;42
6;67
95;72
33;39
81;37
86;42
97;20
66;26
10;91
17;43
87;38
74;70
18;58
15;7
21;86
11;54
14;99
39;76
41;19
47;79
87;23
24;56
77;37
50;76
74;19
28;95
4;11
41;24
68;25
56;12
69;30
66;30
61;87
43;50
1;84
45;23
32;97
25;47
54;72
85;47
14;27
93;34
30;45
62;82
86;38
39;23
90;86
27;30
63;57
13;65
100;43
64;83
41;87
30;69
41;22
50;4
52;97
55;37
44;84
61;20
82;30
1;3
9;74
20;100
24;38
2;23
100;51
36;38
36;41
28;36
40;11
64;82
45;42
64;94
74;45
100;51
17;44
45;69
17;80
96;36
88;51
82;43
85;34
86;65
28;11
84;60
14;62
41;85
57;60
14;68
73;68
3;51
89;23
9;8
73;18
15;65
8;6
31;3
93;48
71;91
39;32
52;4
9;69
8;29
17;79
97;9
86;68
21;88
5;65
47;4
93;79
75;52
14;45
25;51
88;15
18;46
70;95
36;76
93;6
56;50
73;74
74;40
60;45
46;88
45;38
4;15
3;80
65;31
96;97
72;94
59;49
79;41
44;20
66;97
92;55
19;21
37;92
78;65
42;38
54;55
43;2
71;31
81;2
21;78
62;89
36;42
81;91
34;49
33;82
58;85
46;42
76;48
18;71
99;54
88;50
2;68
95;68
49;89
19;78
50;29
1;95
47;20
86;11
92;52
45;84
51;94
17;36
11;26
15;66
54;96
3;70
76;4
57;32
2;13
69;84
76;9
68;16
57;52
1;93
81;88
3;6
86;70
62;75
9;31
19;46
55;82
35;11
67;74
81;74
88;4
87;32
57;59
16;82
44;26
97;93
52;29
79;54
17;60
89;79
38;45
99;8
16;71
93;34
75;46
95;51
46;6
89;13
9;50
31;22
97;89
81;30
99;52
13;77
66;29
88;19
28;93
10;80
18;9
40;26
51;11
58;79
83;96
94;76
38;75
83;91
6;57
38;13
45;4
15;99
63;40
31;15
65;12
59;57
69;24
24;54
77;44
79;21
38;84
83;88
80;7
88;8
97;6
7;44
8;21
43;40
31;3
33;39
67;45
12;31
72;63
77;76
20;93
84;24
42;83
87;66
96;76
38;62
42;76
33;48
83;12
71;47
72;76
96;15
50;17
1;88
8;41
30;13
80;100
21;46
63;44
36;59
57;16
52;66
1;41
97;81
46;81
45;38
34;76
25;19
33;29
42;88
93;27
4;91
42;90
76;35
12;54
51;61
61;39
4;74
55;41
58;22
18;2
73;77
36;28
10;12
31;60
79;85
49;69
86;5
95;94
88;47
21;55
54;95
7;66
76;89
44;95
51;65
26;68
19;27
11;63
53;34
1;14
17;91
84;87
19;93
27;65
79;9
27;97
29;77
50;73
9;76
86;24
80;55
46;88
69;81
73;69
28;21
47;48
56;51
90;29
84;47
66;21
92;71
35;61
84;16
22;96
3;92
43;71
85;15
15;89
40;42
79;55
95;46
49;73
76;22
28;24
38;21
42;16
83;83
57;61
1;92
100;1
2;95
95;71
8;85
77;27
98;30
12;68
9;79
31;2
40;33
87;48
14;73
51;7
69;45
95;61
56;17
69;81
1;77
33;93
83;16
24;53
13;31
61;56
18;62
70;46
18;27
49;49
61;3
52;32
53;54
67;90
90;57
58;58
9;31
27;39
77;12
98;25
46;70
2;10
28;64
85;7
94;78
46;73
31;31
86;68
70;70
1;89
23;84
58;1
24;99
24;91
51;46
26;25
81;91
63;75
40;86
97;33
63;17
98;23
21;18
56;59
32;40
72;82
45;46
91;40
54;12
11;31
94;92
15;8
72;75
51;41
92;72
55;75
39;18
94;49
55;7
34;100
83;78
45;78
82;41
59;1
56;91
48;77
84;4
69;56
4;68
87;47
46;99
1;53
12;74
4;9
11;3
38;48
44;95
24;67
1;39
26;20
51;2
53;62
50;63
5;2
50;100
6;83
21;94
29;66
76;25
63;80
24;91
79;83
94;37
32;71
76;63
21;17
62;98
16;33
84;15
100;25
30;60
72;47
46;27
1;69
71;71
8;8
43;24
80;50
12;23
36;58
75;50
59;78
27;66
14;44
33;79
64;36
87;83
29;75
8;14
91;17
50;62
6;80
89;8
99;76
43;57
99;19
82;10
53;100
49;12
34;79
39;49
100;81
75;93
78;45
77;21
90;3
23;91
70;66
56;35
76;16
17;60
69;84
81;37
75;89
96;86
79;16
5;81
46;82
6;37
85;64
70;44
1;41
6;14
52;49
25;31
20;11
66;71
86;38
74;40
91;51
65;86
1;12
33;92
39;14
61;57
3;17
41;88
23;33
82;61
99;35
98;64
56;1
73;76
100;47
91;30
26;33
63;19
53;73
40;24
51;97
61;71
45;34
18;47
38;11
68;90
27;25
5;97
85;48
82;23
21;77
46;45
94;96
67;50
12;74
72;75
67;17
30;29
59;68
2;33
35;3
53;31
39;20
28;10
23;5
96;31
77;63
29;90
56;98
41;100
8;14
96;84
67;31
86;59
99;57
54;55
32;70
80;77
57;75
21;37
49;42
15;5
64;30
68;54
94;13
6;10
32;4
57;11
93;64
71;3
32;43
89;12
89;21
48;14
90;17
58;15
59;67
56;96
41;63
7;62
53;38
55;2
29;6
17;10
92;12
84;2
60;50
49;15
79;58
13;35
31;83
29;74
49;88
88;49
39;33
13;95
94;2
67;12
63;24
44;42
81;31
47;1
37;7
27;85
37;85
18;24
55;3
17;50
96;23
91;100
65;75
3;15
91;1
6;8
12;56
12;62
80;52
48;35
53;34
27;3
49;5
98;51
74;6
47;1
78;50
51;70
49;78
66;94
51;41
65;10
10;45
12;30
59;39
34;64
71;34
40;100
68;88
32;10
49;13
57;90
56;100
44;88
33;2
32;82
55;23
66;73
77;55
53;51
100;22
59;16
52;46
50;69
46;43
22;63
29;52
97;25
33;58
63;61
43;43
45;79
92;43
52;50
58;59
43;19
21;67
89;69
43;10
53;90
79;4
11;57
94;22
38;29
98;36
90;25
46;36
76;78
87;34
58;88
90;30
89;31
35;59
53;36
57;80
27;94
81;39
89;34
41;23
60;87
31;80
9;61
59;17
72;99
47;23
1;21
82;29
18;83
73;32
69;78
78;77
51;68
71;28
41;100
91;82
70;66
14;55
17;6
34;28
24;79
91;3
38;69
17;69
24;48
49;50
31;34
10;41
15;95
32;77
21;50
62;75
71;4
10;10
81;89
59;42
42;13
5;87
8;39
33;44
72;83
64;25
80;81
93;69
6;37
87;17
30;42
19;99
25;9
21;36
13;7
3;91
33;53
31;7
91;84
99;45
47;90
44;14
80;77
88;27
25;83
62;55
35;47
71;89
41;96
98;17
14;82
16;24
78;55
45;21
16;9
15;86
61;15
91;41
15;24
28;53
69;100
97;42
13;83
91;83
10;46
74;100
4;21
83;45
65;98
38;12
88;2
42;96
48;67
33;39
61;6
67;52
16;5
12;3
55;64
21;60
5;2
56;90
21;33
94;50
75;30
60;99
34;60
41;36
44;16
63;15
69;36
87;53
36;91
72;46
51;19
43;6
52;98
75;52
46;98
97;51
86;88
81;15
99;58
98;43
21;88
19;73
8;40
77;58
90;36
40;66
44;86
91;55
89;56
29;98
73;38
50;84
8;66
70;88
40;90
93;88
38;80
24;44
82;93
42;8
9;96
78;62
11;93
20;11
60;74
57;32
42;83
63;44
50;70
52;84
14;55
89;75
85;54
76;92
33;32
57;23
6;19
11;71
81;25
50;93
52;53
52;37
24;35
95;64
40;1
36;77
89;58
3;53
13;58
5;39
72;7
69;41
54;96
57;93
16;11
37;51
20;78
63;15
93;29
73;32
8;49
71;34
2;54
18;50
31;98
88;9
65;22
88;1
85;52
47;66
52;21
81;70
55;16
75;31
50;46
41;64
98;18
94;44
76;69
64;72
20;46
88;51
12;53
48;27
62;63
19;11
40;89
83;96
100;24
42;89
33;78
48;20
15;87
98;93
41;18
96;31
29;60
27;70
10;11
18;8
66;66
100;97
73;7
78;70
82;36
24;49
21;16
70;44
51;3
88;30
45;20
64;40
91;46
2;21
21;88
73;98
90;81
1;66
78;55
1;54
62;32
14;28
19;85
31;29
100;51
27;51
9;5
33;92
53;64
94;2
41;2
20;12
5;75
24;78
55;99
3;16
25;3
10;78
17;72
14;60
1;45
90;61
40;87
59;91
70;57
37;66
65;85
58;15
11;23
65;11
2;75
58;78
78;12
73;88
34;23
90;54
59;53
53;27
77;64
22;67
18;19
63;57
57;14
94;32
79;40
4;36
56;98
83;19
88;99
68;48
78;13
22;82
23;56
52;61
32;84
77;39
58;45
59;84
82;16
71;74
90;23
23;65
56;52
70;78
73;13
52;50
73;58
60;82
85;32
33;52
76;72
98;87
25;62
80;82
89;30
12;93
90;42
11;9
28;77
40;97
6;37
65;17
98;3
17;79
77;8
69;99
77;49
17;9
53;19
68;39
77;55
57;37
67;12
86;13
79;8
17;91
65;24
17;15
85;4
65;51
53;29
67;88
37;66
94;1
39;42
69;27
90;36
19;14
57;71
52;89
98;62
75;18
36;1
18;22
25;96
59;12
9;76
2;3
21;3
78;8
99;50
21;26
8;25
72;78
57;66
93;81
48;35
28;28
81;73
92;57
28;7
55;13
5;72
87;22
44;97
94;48
75;66
10;14
52;81
88;60
75;30
67;28
68;42
96;55
60;52
20;75
36;80
41;87
49;30
90;91
51;29
54;77
92;13
85;1
32;87
19;28
63;90
75;40
16;51
83;8
78;44
87;72
41;65
82;44
32;68
73;26
55;73
51;28
36;92
33;30
96;16
17;23
78;75
31;85
1;84
2;14
91;95
54;22
55;65
12;98
35;57
59;78
35;26
60;100
8;55
94;7
10;69
84;64
94;38
25;1
86;15
42;61
32;33
53;92
92;20
99;17
36;63
3;64
36;11
27;24
56;59
89;29
8;44
9;12
25;17
94;71
17;61
97;36
75;73
98;26
86;62
35;55
36;50
58;15
29;19
51;9
14;100
33;24
18;70
37;44
55;32
12;56
5;27
38;13
37;91
31;20
14;25
30;49
58;81
12;67
45;40
33;100
20;76
18;3
98;63
81;93
82;58
83;84
28;18
96;69
48;75
58;67
44;88
37;53
43;97
88;67
36;95
98;27
18;97
35;5
76;87
66;85
89;69
71;95
11;87
92;4
89;51
18;93
76;75
15;3
47;35
47;44
11;37
96;63
62;93
36;6
78;88
89;17
90;54
67;60
29;98
36;64
16;58
11;3
27;13
48;70
80;65
55;21
94;89
67;13
9;84
28;31
57;63
31;69
94;81
17;90
38;12
78;65
16;95
20;24
15;71
52;4
57;73
49;47
58;39
71;71
28;54
42;21
9;42
5;94
75;95
80;39
95;17
41;6
43;71
54;58
70;8
59;55
40;16
35;88
2;1
11;54
33;98
73;95
52;28
73;34
2;54
52;87
25;64
68;41
85;3
20;93
68;79
79;54
72;24
46;85
41;92
52;47
42;91
93;46
50;82
36;51
9;31
98;30
37;7
13;40
5;39
78;72
75;82
71;9
37;5
72;78
10;95
31;33
76;5
5;4
45;11
3;97
95;22
9;27
60;91
61;43
18;36
31;24
76;13
59;24
82;40
30;4
31;65
96;17
98;89
87;99
61;44
36;45
23;77
52;38
49;25
59;42
44;61
44;51
46;33
24;31
72;12
33;82
53;48
72;93
65;10
71;1
56;71
71;61
53;6
16;75
32;83
76;35
66;21
16;31
25;16
100;18
17;85
83;28
21;79
3;19
46;100
11;11
65;32
100;79
31;99
23;14
4;49
65;97
45;30
83;76
74;43
67;80
63;96
87;68
81;16
88;43
59;91
26;49
55;55
14;3
62;62
92;80
3;75
65;10
26;4
9;26
69;5
54;25
59;85
38;29
69;6
32;46
87;27
54;67
65;93
29;18
31;1
72;61
20;5
74;82
32;46
11;26
87;58
85;86
25;52
8;45
16;27
60;7
15;88
38;5
3;99
1;82
43;53
33;40
34;97
38;19
1;87
21;14
42;91
37;38
91;47
100;3
64;45
33;79
12;32
75;38
57;1
13;22
88;34
5;31
71;13
100;72
31;60
23;92
82;57
35;40
22;23
14;65
52;40
56;56
5;99
30;38
11;55
7;70
74;67
40;36
33;37
72;84
10;38
98;36
96;22
14;82
63;60
41;16
10;12
5;9
78;60
19;27
8;95
70;53
48;89
46;88
42;36
85;88
95;75
32;59
48;33
5;32
3;17
26;6
62;36
5;56
33;50
98;47
61;52
89;49
4;24
54;38
43;4
98;74
77;47
96;85
14;54
13;95
84;46
90;42
47;16
64;29
14;61
73;93
18;21
75;42
71;44
71;35
84;91
99;51
92;40
10;31
79;74
61;53
21;35
47;89
92;14
89;94
98;92
5;67
95;7
46;91
74;29
30;66
79;72
61;21
25;32
23;93
13;18
91;63
67;79
32;32
93;94
15;89
33;38
1;74
1;69
44;49
49;83
2;69
21;7
92;89
65;61
26;64
99;18
46;58
55;2
52;80
46;4
96;64
99;26
34;24
57;67
56;17
34;35
59;6
89;38
35;98
32;37
27;27
11;2
100;49
13;30
41;76
83;21
49;40
31;79
11;20
7;74
23;51
66;12
84;38
46;66
21;81
67;79
80;54
93;60
10;62
70;59
82;73
32;51
52;78
7;5
11;46
83;26
42;8
33;72
4;93
90;77
18;66
13;94
82;41
47;61
5;10
43;32
84;10
41;67
6;21
65;86
17;87
11;62
69;25
25;65
50;20
64;12
24;59
35;33
70;62
35;80
56;6
12;65
83;20
33;13
83;88
32;52
9;78
32;2
80;12
79;88
87;19
31;1
63;83
51;78
78;72
31;8
57;57
44;45
16;11
19;47
52;76
33;83
98;75
35;62
36;8
14;78
66;12
21;5
21;64
4;78
76;47
99;27
12;84
91;67
98;80
26;41
69;77
39;59
70;85
44;42
63;16
54;27
97;40
40;21
85;77
32;69
90;30
40;42
62;97
80;35
84;17
36;33
27;19
46;17
89;17
13;61
70;61
90;70
35;59
6;2
61;36
6;20
32;75
16;37
85;87
42;83
22;8
90;21
53;96
29;48
96;39
4;54
43;18
93;77
23;41
92;67
28;74
59;18
13;13
79;34
91;53
23;20
20;99
100;53
73;90
57;5
19;61
28;95
6;61
84;91
68;37
15;77
52;39
82;44
92;87
39;99
43;33
89;74
5;12
75;32
7;55
37;93
43;79
100;74
2;26
63;74
78;99
27;14
72;23
72;92
7;13
45;50
59;77
7;97
60;17
81;53
75;10
32;34
81;91
25;19
69;59
25;52
49;52
87;5
38;11
55;18
97;79
52;91
32;49
96;31
98;93
3;90
5;70
80;39
10;77
68;43
6;43
27;19
96;91
49;7
15;35
43;100
59;96
43;78
86;97
22;51
42;2
14;64
22;13
70;71
13;31
95;16
98;31
18;77
98;69
51;90
27;94
5;24
33;86
100;43
68;6
83;11
73;21
36;35
45;19
100;75
49;59
19;87
75;54
56;35
48;100
52;72
18;21
7;36
39;85
92;13
33;19
4;30
13;66
69;42
24;6
63;100
97;38
30;11
19;50
90;53
22;7
64;23
53;49
69;5
100;11
95;99
93;50
85;96
64;36
7;84
97;2
73;61
25;19
24;96
20;76
33;95
51;42
33;16
68;70
1;72
38;60
47;24
100;4
31;29
85;7
26;15
66;49
97;92
94;21
13;59
83;92
1;83
69;69
76;30
44;15
73;82
32;65
95;45
37;1
66;34
45;35
66;28
5;34
31;87
29;50
81;28
6;33
34;9
20;14
41;75
33;8
25;83
80;70
98;39
67;79
63;69
30;44
78;66
6;5
11;21
23;26
39;77
28;54
73;53
49;73
71;40
72;68
66;46
93;40
23;88
39;32
10;71
12;72
51;84
11;50
95;32
23;44
36;97
95;70
14;24
23;10
62;75
75;81
27;80
8;91
78;5
34;10
53;38
62;13
4;98
92;36
5;51
91;40
38;75
54;72
29;81
100;60
79;41
90;3
8;87
72;61
28;78
93;43
89;9
48;47
51;76
4;24
59;15
1;46
45;12
17;22
27;50
22;65
97;62
8;66
61;51
13;84
100;89
20;100
30;10
18;8
52;9
19;55
78;49
49;44
24;22
100;6
31;75
6;5
64;26
72;75
66;45
6;46
69;39
6;91
39;90
95;87
25;78
65;41
95;3
59;95
90;28
12;76
6;16
19;21
62;39
43;17
46;75
22;33
43;93
38;46
71;62
66;47
23;36
27;36
86;63
66;59
40;4
54;14
15;9
16;43
96;70
19;36
91;74
10;84
2;60
92;81
5;24
66;32
4;75
44;33
96;32
67;55
51;40
62;45
48;54
21;34
62;14
28;48
18;38
12;49
73;11
88;40
99;99
16;94
87;19
97;100
73;81
23;4
24;44
13;85
52;8
42;97
41;39
37;81
48;71
15;88
91;49
85;35
84;48
69;73
26;32
28;84
21;27
94;22
71;81
66;71
56;44
16;90
25;19
77;47
93;27
33;21
34;27
27;38
43;95
15;13
82;38
100;76
34;39
80;47
78;17
79;34
37;69
76;70
42;72
45;58
8;3
95;25
53;53
81;90
37;96
53;77
34;37
43;16
57;78
10;83
7;91
27;53
11;55
88;53
11;99
91;95
5;14
95;59
6;8
30;14
58;17
79;46
26;4
41;50
19;86
96;76
8;31
71;53
43;44
91;18
47;55
68;66
75;35
31;28
70;37
38;46
7;62
7;21
65;68
21;80
74;1
18;47
84;61
46;87
6;24
48;73
100;41
71;57
65;51
20;91
87;94
18;57
86;31
12;81
28;57
47;91
84;46
17;20
41;9
41;19
81;43
86;75
21;80
16;54
45;19
48;89
10;16
71;45
56;56
28;30
74;85
96;53
51;34
83;53
98;72
81;39
35;4
78;88
80;98
27;39
82;74
60;64
67;8
64;8
11;73
91;79
19;74
37;53
14;32
4;91
8;16
15;2
92;24
20;96
70;75
66;57
56;1
72;87
36;25
61;47
68;23
72;64
21;43
100;58
65;37
12;43
41;52
57;1
18;11
94;85
78;59
3;94
40;60
41;19
76;18
36;17
95;61
68;26
45;82
79;88
94;98
70;79
63;52
75;41
24;90
23;96
91;56
30;76
82;78
39;25
32;46
25;42
9;88
21;5
89;37
25;11
96;62
3;5
15;47
21;9
33;35
21;100
62;87
19;81
14;40
45;10
69;37
95;81
94;40
10;53
1;56
87;36
52;84
41;41
51;87
86;27
7;78
68;87
15;36
14;69
7;63
75;33
20;21
82;7
91;18
46;58
55;8
48;68
55;28
51;6
54;5
7;21
87;9
33;91
89;53
21;99
61;45
75;74
77;99
88;51
86;41
47;11
18;32
30;84
2;83
31;71
49;86
35;25
35;46
49;30
25;39
68;49
28;25
3;79
31;81
12;38
57;25
51;97
97;94
83;79
84;69
9;31
8;100
14;87
33;44
23;33
18;38
56;74
84;45
47;97
75;35
71;60
63;9
69;77
69;7
88;77
47;68
15;22
24;58
5;31
83;51
44;69
41;25
13;38
59;79
76;71
82;99
88;10
15;11
18;8
51;53
86;22
79;74
65;83
54;58
74;18
22;6
21;84
4;36
55;88
31;30
8;58
90;47
65;84
28;38
63;40
4;62
41;60
62;12
39;1
31;54
84;71
11;6
80;48
43;81
49;41
91;80
59;14
32;88
55;98
31;28
38;96
61;81
7;59
49;92
95;61
32;44
27;14
42;17
92;56
37;92
24;82
93;42
95;48
72;48
76;29
48;96
32;62
38;66
63;38
98;57
89;25
50;55
55;86
71;4
26;66
62;40
92;51
19;60
73;54
9;47
14;3
23;87
39;33
19;26
83;59
34;16
70;8
82;90
22;96
25;94
85;28
87;59
2;57
58;76
76;63
25;100
91;31
50;3
100;36
23;97
91;54
76;47
84;15
7;100
39;37
29;27
57;20
24;13
37;47
78;70
78;42
18;22
60;59
84;46
90;13
12;26
62;22
4;66
12;65
85;7
19;66
91;75
64;63
56;85
86;75
20;20
57;90
38;76
79;86
50;20
59;27
17;82
15;47
82;11
66;14
56;58
21;15
20;71
58;86
6;1
8;15
62;32
98;70
84;74
82;64
91;6
98;4
5;1
59;30
57;3
12;49
14;62
95;42
1;13
42;98
39;45
80;82
91;17
58;70
62;43
53;26
42;75
22;5
24;81
95;82
18;74
46;9
95;25
89;18
97;71
26;1
17;75
70;89
84;16
34;9
51;10
64;95
6;75
1;82
13;41
75;15
68;27
49;55
41;6
30;62
58;80
13;57
88;7
48;84
45;71
41;94
53;15
22;39
90;46
66;71
7;53
1;66
74;81
7;41
97;44
35;67
93;49
48;26
40;8
32;94
36;9
57;26
7;19
81;87
84;58
73;25
62;40
69;23
85;11
29;55
76;12
20;11
73;85
61;7
16;73
83;88
9;89
56;49
88;38
57;35
5;70
29;55
46;92
86;44
99;83
63;12
54;94
72;16
34;22
98;17
88;26
26;8
26;56
93;79
92;25
59;59
60;68
87;19
97;28
63;86
94;27
55;18
81;89
11;92
80;21
18;93
30;48
32;91
70;84
91;53
55;44
94;82
58;55
61;23
36;95
6;95
11;72
89;5
7;64
76;1
96;41
59;12
88;52
34;92
45;79
92;91
49;48
57;87
64;3
19;42
9;54
31;29
58;74
15;85
51;96
54;95
39;4
40;22
4;14
29;10
29;89
35;98
58;73
24;92
74;14
57;54
35;44
74;47
44;47
36;78
85;97
5;88
55;12
45;38
32;17
60;3
84;90
16;67
67;3
5;91
91;37
82;6
75;6
34;43
58;40
39;20
39;23
42;57
20;11
50;17
72;4
81;68
38;74
95;95
16;11
4;54
2;71
18;99
34;56
77;70
68;49
22;72
37;26
86;66
53;24
18;43
58;35
7;55
5;66
22;4
56;29
36;49
58;25
11;99
4;4
