96;55
34;48
95;85
31;52
37;27
11;72
97;68
7;51
11;100
14;11
74;35
26;34
2;26
4;64
92;42
62;74
56;52
88;27
85;32
22;89
1;84
86;36
82;59
67;9
11;69
41;39
58;75
67;88
57;34
13;14
12;98
97;91
81;37
48;15
40;88
92;52
22;51
55;47
85;16
71;37
15;66
80;8
31;34
14;67
3;93
81;97
10;5
2;31
69;70
63;28
52;2
53;19
34;41
26;17
78;41
43;81
66;31
64;83
56;68
26;87
46;54
26;19
8;18
63;32
72;54
48;61
18;58
87;57
54;62
28;87
52;78
81;37
66;68
55;63
75;49
97;79
59;12
66;64
53;47
43;18
81;89
28;94
71;85
81;70
63;24
73;41
15;63
16;82
50;90
5;14
87;74
68;8
4;1
71;78
95;51
81;82
78;86
55;30
1;54
11;43
42;62
32;55
46;66
52;38
70;24
38;40
96;78
60;92
23;4
56;9
43;27
93;61
73;88
27;44
14;84
39;33
59;38
48;97
16;27
23;28
60;5
73;28
97;100
16;69
59;32
58;12
74;19
64;88
99;60
90;14
37;71
73;81
12;19
66;20
94;76
19;7
55;16
78;94
67;48
63;78
89;60
19;74
3;44
31;99
87;14
89;3
35;88
85;92
50;56
14;6
