51;100
79;90
23;70
20;47
74;68
71;22
87;71
16;73
65;92
30;53
32;22
19;85
47;74
45;14
79;81
49;90
43;79
88;44
95;90
97;11
90;32
81;95
73;32
6;24
84;98
41;83
13;77
70;67
79;12
4;13
56;21
12;6
54;90
26;93
88;86
58;18
20;76
21;8
20;85
86;41
61;89
18;70
29;97
60;19
59;79
98;36
46;2
20;88
54;48
48;83
55;20
26;76
51;70
86;59
95;44
47;86
37;10
46;50
20;55
78;90
9;95
18;95
78;36
61;91
79;12
69;59
67;1
64;61
49;76
69;86
72;73
70;2
8;8
4;68
59;53
81;77
45;76
8;33
25;45
1;97
70;41
29;95
54;51
58;87
20;11
87;89
32;55
24;6
22;41
72;53
94;78
26;48
28;59
44;93
26;38
48;59
39;94
99;38
67;13
30;57
23;60
7;96
54;43
43;43
55;25
77;63
61;57
75;52
79;24
66;34
84;80
26;34
19;22
51;80
68;74
86;11
51;59
92;28
73;38
69;31
68;44
59;32
24;84
10;74
24;33
83;49
31;59
57;43
65;67
90;14
34;99
53;29
60;64
93;37
68;15
46;13
69;36
92;77
90;93
14;92
38;53
38;77
51;54
19;61
41;33
45;92
26;73
83;50
8;20
4;77
10;19
85;30
10;40
45;100
53;25
32;5
18;58
36;95
85;98
38;27
50;44
98;10
46;13
61;40
23;7
48;7
48;33
17;12
37;82
8;4
7;83
82;78
86;23
19;26
26;95
67;7
9;6
33;25
38;14
95;34
26;92
66;78
67;39
62;25
46;75
96;25
14;18
71;76
64;87
65;10
62;38
93;7
80;51
91;4
36;3
93;33
31;1
50;46
87;44
41;13
75;69
71;9
18;22
91;7
63;15
53;62
2;69
99;34
83;25
32;37
76;48
44;93
13;63
11;49
24;100
85;55
67;13
77;7
4;9
40;69
58;46
98;9
78;25
32;5
71;91
59;96
53;26
8;93
33;8
25;100
79;25
53;19
16;65
55;49
63;33
99;61
20;66
8;35
68;53
44;30
71;66
25;2
72;95
41;32
94;31
35;65
91;51
44;72
66;69
79;9
68;22
11;73
47;13
42;85
99;49
94;99
69;10
81;67
37;31
84;45
40;80
56;44
95;74
11;31
11;25
1;97
4;90
32;31
82;88
31;26
24;68
81;10
95;94
55;46
73;35
16;18
48;96
17;100
95;7
86;38
1;17
37;26
32;29
70;22
36;91
70;74
22;88
25;91
27;33
44;43
33;16
7;84
15;47
62;56
70;17
8;40
4;49
47;13
48;83
28;85
86;77
88;74
10;87
31;65
90;13
92;62
72;9
65;89
79;28
60;56
68;71
58;6
65;75
24;8
19;34
32;11
34;15
67;6
50;38
70;24
46;8
34;18
91;38
43;10
54;1
42;67
4;3
95;10
70;9
95;26
37;82
5;73
76;2
71;38
47;38
8;92
25;52
97;53
57;58
42;56
19;4
57;28
93;8
40;24
90;46
48;50
92;30
21;98
78;65
29;5
47;12
5;74
58;52
66;89
60;64
62;3
24;20
57;62
62;50
39;11
67;75
41;60
62;93
45;13
50;21
15;94
73;34
92;75
65;22
48;5
38;31
24;92
63;44
56;85
52;23
60;16
24;88
74;17
17;22
11;76
47;42
39;98
84;80
84;22
42;15
65;9
85;35
91;55
88;59
62;27
4;23
32;25
51;23
59;93
18;5
26;64
56;50
27;45
49;83
96;49
95;23
62;64
7;55
10;77
12;43
3;58
99;23
18;99
52;91
79;83
97;79
27;56
88;49
78;13
98;96
71;53
76;43
5;74
35;90
62;39
23;43
24;11
11;99
50;47
6;76
67;81
88;80
94;61
58;58
34;12
63;45
33;3
19;75
22;53
24;4
24;39
42;18
75;84
31;27
83;26
43;80
5;43
88;45
38;61
16;8
47;91
62;7
42;86
47;89
100;48
3;71
50;69
4;65
40;91
70;13
14;6
12;56
51;87
88;86
92;48
45;8
89;89
76;96
83;39
74;10
58;28
40;60
73;29
55;67
12;90
87;61
10;94
55;44
12;99
15;97
83;52
4;48
3;35
42;100
54;79
80;19
31;26
20;95
100;15
49;72
42;53
77;98
31;72
70;52
86;55
70;49
35;72
82;80
90;74
93;87
58;21
60;27
3;98
84;2
6;42
29;73
31;57
16;24
84;10
36;37
76;68
58;96
47;79
94;59
87;81
29;25
71;80
34;63
27;8
80;31
28;3
55;55
74;24
82;18
89;56
88;23
31;10
62;4
21;24
84;82
59;42
84;59
41;8
27;95
10;10
50;52
8;66
21;6
72;96
57;12
77;97
10;44
48;26
55;85
26;65
78;69
62;90
100;78
56;74
78;6
19;27
83;82
35;92
67;5
75;21
26;55
74;54
26;53
1;79
98;56
4;97
18;49
52;3
27;100
58;48
95;55
37;67
50;1
81;34
37;59
31;31
60;67
3;49
95;96
85;68
53;65
19;47
67;14
86;88
72;100
17;6
48;39
17;62
51;28
31;13
14;15
96;73
45;21
13;94
59;12
28;11
87;1
99;6
25;71
3;40
84;73
17;18
39;57
2;91
95;42
71;90
87;31
62;25
47;51
78;7
68;19
56;18
34;36
38;40
64;45
43;34
2;43
1;28
96;43
78;40
5;11
2;37
100;61
14;66
61;45
25;37
67;31
99;46
50;6
37;4
39;63
38;91
25;12
42;35
66;12
28;27
4;22
47;12
89;13
9;52
48;97
81;2
3;9
76;22
78;83
40;53
26;96
87;23
35;17
60;93
34;44
34;48
10;73
35;62
38;23
17;2
15;68
83;49
93;27
36;47
58;1
39;60
43;38
83;23
30;93
2;7
49;13
82;76
40;97
99;35
55;71
46;43
41;33
51;92
56;52
63;29
71;6
90;9
15;52
41;68
32;79
9;92
45;23
2;65
51;1
75;93
85;75
33;76
28;35
64;7
18;24
81;36
39;14
39;56
46;54
39;99
22;38
50;44
34;14
18;86
86;83
81;74
76;32
65;93
25;49
6;29
61;44
90;75
99;73
8;75
100;54
69;99
80;50
17;5
64;86
24;28
14;81
62;61
58;16
85;29
88;13
28;37
68;99
32;40
18;44
49;7
88;35
38;81
15;58
36;36
87;100
47;22
20;24
76;16
28;67
12;71
73;48
55;56
1;74
24;34
39;39
66;12
80;18
98;39
32;3
61;100
61;17
25;22
37;34
68;22
19;26
2;90
40;20
23;21
80;66
40;60
23;54
62;81
66;16
38;100
37;70
36;84
11;37
53;25
95;78
2;28
82;42
26;59
57;88
8;69
69;47
89;88
21;86
54;3
6;57
86;43
33;61
56;16
32;95
92;66
43;24
61;58
8;77
67;14
41;24
62;33
24;32
61;87
29;46
96;73
35;51
91;24
38;8
4;79
84;53
3;20
91;90
18;7
25;79
22;32
35;25
54;53
60;83
51;58
43;55
70;76
99;55
46;62
7;60
78;26
63;92
45;80
1;29
8;5
42;39
37;18
65;14
43;95
13;66
55;18
37;51
74;23
48;67
9;78
71;70
65;68
81;78
100;81
72;19
52;84
99;13
9;87
17;22
84;21
70;87
99;76
67;24
50;26
8;67
40;18
20;88
10;39
46;24
53;55
73;34
69;30
31;18
62;68
1;35
61;37
17;9
75;38
39;10
86;89
69;78
64;35
34;97
42;25
14;26
50;24
47;91
84;90
38;41
88;95
63;1
86;43
15;42
20;51
72;76
80;38
99;38
6;5
9;98
63;60
22;60
88;28
94;77
79;45
67;18
48;58
63;35
43;38
31;49
41;77
96;13
38;89
52;88
22;97
69;45
59;7
61;6
19;89
45;9
8;46
68;45
31;60
67;19
49;75
100;37
2;2
47;48
36;37
30;84
35;11
27;32
61;31
25;51
12;24
85;78
83;11
54;64
11;69
36;88
12;5
23;6
69;74
6;85
94;38
24;90
69;35
80;29
58;45
91;22
50;7
36;28
83;98
74;53
24;81
36;48
50;26
66;87
41;5
100;64
60;90
80;52
82;93
94;18
35;24
98;40
53;58
100;27
99;24
25;37
27;25
36;76
91;28
52;27
23;96
73;23
25;1
28;25
31;62
25;50
90;50
12;98
82;66
64;64
69;34
85;24
17;13
8;24
37;91
45;48
4;100
64;84
12;99
13;54
96;59
78;17
58;46
21;23
49;49
10;65
89;63
66;79
58;94
38;60
98;68
62;7
92;41
88;46
89;47
8;27
71;93
44;88
42;50
87;7
99;8
56;88
18;37
54;61
58;85
69;98
44;80
37;40
52;96
30;12
24;79
15;28
96;66
49;21
7;49
59;92
34;90
28;62
55;45
95;67
42;3
55;54
29;28
25;69
88;61
20;22
53;40
9;35
8;59
89;95
35;95
81;58
65;81
78;76
10;11
5;46
28;22
67;21
37;72
32;82
27;6
72;78
39;43
94;48
57;28
24;63
100;18
62;70
54;21
45;3
69;49
43;11
96;92
1;4
40;34
35;23
82;7
60;57
56;76
11;19
87;64
76;72
79;88
17;52
86;6
65;21
42;45
40;15
25;45
81;31
35;85
91;55
66;98
9;95
18;34
61;77
23;68
20;21
99;41
4;25
48;45
21;40
84;59
20;39
27;2
58;84
93;82
90;87
61;66
15;35
45;87
70;96
61;13
42;64
17;90
29;62
36;68
30;52
89;15
88;89
98;65
68;86
19;86
7;58
20;81
30;95
73;6
22;55
9;57
25;15
51;63
10;74
70;4
19;39
90;52
12;62
96;22
33;87
92;27
13;59
53;13
22;19
52;31
93;87
23;70
81;50
14;72
91;29
57;35
87;60
29;89
15;85
54;95
48;35
54;12
84;59
41;85
15;81
47;2
39;88
30;95
78;70
76;46
54;10
33;71
19;30
77;18
92;80
1;17
91;63
70;57
54;85
78;94
58;95
36;24
37;31
78;98
41;32
3;26
92;79
23;99
13;40
9;71
65;53
54;48
40;47
85;22
62;62
60;67
78;73
61;7
1;3
2;4
30;71
74;64
45;7
80;54
65;11
58;1
69;70
7;45
84;30
59;28
71;53
32;25
73;18
54;97
76;9
27;30
66;68
82;28
68;9
16;18
9;5
44;3
35;80
96;52
14;89
17;11
100;82
48;14
51;19
84;57
7;58
14;71
74;12
71;41
7;6
73;31
82;71
17;69
53;57
88;89
12;97
60;34
30;87
65;18
48;84
73;86
64;5
58;29
19;35
10;69
97;9
40;7
81;61
34;97
13;82
65;55
30;3
63;95
6;10
39;87
53;40
56;16
37;56
8;60
75;28
16;69
7;19
67;41
76;92
94;78
36;34
94;74
92;39
42;68
2;29
30;75
90;68
52;4
14;59
22;81
42;85
97;69
21;82
48;77
91;89
85;61
17;16
6;68
38;30
54;74
86;65
54;15
49;56
58;56
15;81
55;4
13;95
17;75
30;82
45;68
20;37
81;68
72;61
28;8
13;25
1;33
90;25
97;31
15;74
92;7
42;74
38;77
33;52
25;35
61;10
65;96
24;77
58;52
3;65
100;4
68;19
28;23
88;93
55;33
14;100
56;53
76;23
38;18
21;47
72;81
97;58
21;12
20;95
42;37
6;65
54;83
14;99
1;54
19;86
66;24
2;81
10;64
57;76
77;50
65;7
8;3
29;37
91;94
76;81
11;77
30;22
97;24
23;58
56;18
53;99
63;31
96;80
63;56
64;91
73;43
5;24
18;78
18;46
43;86
52;29
84;48
41;75
51;26
61;78
55;19
36;85
61;19
59;17
24;43
67;8
88;39
44;87
49;65
7;81
19;73
35;65
69;45
53;33
97;5
97;56
70;94
55;60
95;30
3;89
59;86
39;56
78;19
94;39
61;29
58;3
2;47
95;60
50;11
21;47
43;27
52;91
5;61
75;70
61;6
90;90
68;21
83;29
49;38
29;2
78;47
60;95
1;36
54;8
82;53
84;14
99;53
28;8
26;4
54;100
23;5
66;30
87;56
38;56
66;62
54;10
55;31
49;69
49;71
90;57
56;11
68;95
46;90
81;42
77;7
97;1
32;6
95;18
43;37
8;62
21;7
82;31
27;65
62;70
47;76
96;15
6;73
45;33
34;40
4;11
51;70
68;42
22;99
41;47
72;66
44;60
95;55
37;50
44;79
45;84
5;52
61;72
7;43
93;32
13;52
4;9
63;41
56;14
87;15
58;92
42;88
60;41
56;3
59;50
35;71
56;75
58;40
95;58
55;73
49;44
44;65
19;51
52;5
2;92
100;74
55;50
88;88
59;68
36;93
22;9
7;67
37;18
20;75
74;17
12;74
72;1
2;18
89;60
62;56
54;91
92;15
30;99
10;59
83;65
93;32
64;30
84;31
67;31
67;69
8;10
2;51
23;19
83;55
63;53
64;5
8;19
71;86
86;76
82;72
14;64
60;12
41;32
59;89
83;60
94;99
29;65
76;42
8;66
9;20
35;2
54;89
27;10
18;16
6;81
85;19
6;41
14;14
29;74
42;30
12;93
52;90
62;41
47;54
88;45
85;70
87;46
23;89
45;67
69;4
67;66
29;81
38;23
31;63
51;32
52;82
37;78
66;14
95;89
85;81
16;15
71;95
59;49
92;49
66;76
74;39
74;67
67;58
6;64
19;68
49;9
31;91
58;85
18;98
22;61
90;6
58;17
74;21
45;69
46;74
17;38
55;70
71;9
56;40
97;42
93;15
40;34
51;29
72;64
13;23
82;36
2;3
53;84
72;51
75;12
15;83
53;24
93;98
24;66
55;29
63;19
59;63
73;11
84;47
78;95
3;54
82;22
93;26
75;61
49;85
7;26
18;97
36;11
61;81
87;23
76;20
46;32
30;94
23;13
50;88
82;77
84;66
6;82
71;33
94;65
54;58
88;29
20;60
17;81
93;34
64;100
73;7
74;51
45;74
32;12
40;87
78;70
32;22
20;38
8;57
2;8
91;65
30;63
99;91
82;9
84;51
55;57
10;79
41;5
43;32
96;46
3;15
21;75
81;53
16;97
76;72
51;5
34;38
32;29
26;63
52;22
31;42
46;54
32;39
56;95
49;7
14;46
9;88
20;76
82;29
7;40
16;2
47;67
31;100
18;49
81;41
93;84
95;15
38;89
47;11
23;68
27;39
57;51
61;38
80;98
63;47
2;78
74;29
73;8
7;60
76;31
1;36
51;81
11;77
36;44
95;43
74;67
23;39
36;10
66;13
33;10
57;52
47;28
64;7
20;47
29;58
82;96
22;65
62;40
12;98
32;55
63;53
8;58
44;80
85;41
74;23
82;8
66;41
9;21
76;54
69;70
86;9
59;31
41;12
78;16
65;21
15;76
63;71
94;33
59;33
46;95
58;23
81;82
62;50
96;52
68;55
15;34
9;22
32;10
60;19
77;89
62;19
7;40
46;97
23;32
19;89
50;17
61;25
20;79
85;52
66;100
66;29
32;82
85;30
79;6
23;95
76;78
14;30
24;38
52;60
32;70
27;49
21;34
5;10
91;22
68;75
30;80
7;64
3;47
87;1
44;4
4;70
51;72
94;77
97;65
47;82
74;57
66;87
32;85
32;4
26;83
15;96
93;27
24;52
65;46
60;35
14;69
29;44
48;78
49;95
38;72
81;75
91;37
4;95
16;80
13;21
93;30
53;71
1;53
13;36
60;64
29;54
98;86
13;14
87;50
71;76
20;6
100;48
74;11
16;37
45;85
79;54
51;40
20;30
85;9
46;43
19;83
90;23
22;57
15;42
18;50
70;27
28;90
71;39
79;17
19;57
10;46
65;66
39;5
56;5
47;16
40;4
23;28
40;30
2;70
71;41
71;82
60;77
42;23
16;51
9;57
35;10
21;54
9;14
82;88
100;57
26;17
26;37
44;27
6;20
56;85
52;1
55;43
16;64
100;96
46;55
18;30
78;41
5;76
95;11
34;2
43;4
4;44
22;8
20;38
8;32
55;3
25;93
51;34
76;98
78;70
52;10
45;82
45;88
6;73
31;57
29;100
18;24
20;72
17;2
39;64
89;8
34;82
9;56
92;68
95;20
31;4
45;70
58;14
70;78
15;86
81;81
92;19
17;41
74;54
41;21
32;81
31;65
99;82
24;94
57;49
27;74
23;47
91;84
39;32
46;24
72;94
73;86
95;73
45;84
88;20
59;100
69;100
31;2
53;29
46;65
32;68
35;17
94;68
30;14
44;39
14;9
95;49
81;24
96;56
43;39
81;19
11;13
12;39
35;76
69;60
15;57
10;14
38;94
68;7
49;86
49;62
38;71
61;83
94;33
84;75
100;58
25;41
45;41
58;7
49;42
74;40
38;18
96;27
93;81
25;19
5;9
31;4
18;53
20;18
94;1
42;98
60;79
5;7
35;93
99;83
8;62
84;73
78;57
71;31
81;2
88;39
9;27
87;78
44;47
39;91
84;69
8;32
5;41
79;32
70;73
68;12
70;47
41;61
78;4
50;49
18;87
62;6
72;58
36;44
98;67
81;19
92;18
69;48
28;77
88;64
76;16
90;89
84;25
50;14
88;97
75;91
25;44
35;69
13;6
61;91
5;86
14;25
15;60
33;67
28;38
45;30
39;99
16;76
87;48
15;91
45;44
77;33
98;37
8;80
93;45
73;91
74;69
15;70
100;3
70;47
79;74
30;58
6;97
45;99
5;6
69;63
50;59
66;79
67;89
86;17
90;68
85;10
48;88
8;48
30;78
76;27
99;38
7;1
57;75
88;46
70;69
30;32
45;23
63;68
15;88
68;78
76;63
79;33
88;100
74;39
15;92
60;80
92;23
36;26
50;19
99;8
67;85
50;92
85;94
32;6
70;31
78;57
97;4
39;76
62;55
37;87
33;83
39;1
14;95
53;27
98;83
18;20
87;45
23;4
77;64
7;97
86;16
62;75
8;21
77;10
14;74
67;84
34;90
18;29
84;74
59;96
75;44
55;7
82;62
55;32
73;63
12;36
3;91
55;16
60;13
61;29
38;83
3;88
15;61
48;4
77;4
50;13
98;67
2;36
73;100
10;77
22;7
49;22
65;63
85;100
64;31
64;88
34;88
46;90
65;78
79;32
90;16
75;47
57;13
92;8
7;50
12;73
91;91
9;85
76;75
4;90
42;93
66;98
82;58
24;90
3;2
80;66
4;100
89;96
49;95
9;63
71;12
63;98
10;22
38;17
86;83
57;55
67;49
36;66
41;16
87;77
76;97
32;21
19;79
23;70
24;18
35;60
31;22
8;26
70;55
30;50
62;100
99;3
40;20
20;83
78;45
95;94
5;92
100;92
20;100
67;9
12;99
5;88
95;14
22;86
23;47
19;53
51;43
84;90
63;83
82;85
22;40
86;25
9;68
88;40
46;9
55;18
86;12
23;80
70;36
36;91
16;55
24;13
28;32
83;76
60;15
26;54
71;49
48;51
50;22
9;1
86;17
89;63
22;53
63;31
21;34
77;37
4;66
80;72
13;6
16;13
60;54
8;56
93;90
61;44
81;6
31;50
93;85
39;42
27;88
6;52
8;60
11;96
47;80
24;10
4;77
92;39
28;81
42;16
4;55
35;47
1;45
6;87
21;11
39;3
69;20
26;95
100;44
48;8
55;89
85;24
18;80
80;71
99;9
51;6
1;19
17;52
17;59
8;38
18;18
83;94
42;83
85;34
74;91
62;76
88;94
3;65
61;99
63;92
14;44
96;56
57;1
43;3
18;83
59;63
51;85
56;14
57;42
30;21
98;22
6;90
83;94
78;87
52;17
28;40
83;33
45;23
2;45
15;53
49;31
4;68
65;81
73;13
17;99
94;67
100;98
37;59
70;67
17;44
51;16
78;11
90;15
40;52
53;61
92;18
5;5
10;59
88;98
21;35
32;25
22;88
48;91
33;25
9;100
63;18
32;62
57;78
28;25
61;90
49;11
9;22
37;74
4;69
64;4
43;20
18;72
99;50
22;51
24;7
55;49
49;48
10;60
94;29
39;62
52;68
41;65
87;64
40;17
57;42
88;32
17;97
27;52
17;78
17;46
69;83
49;64
59;6
49;8
30;27
41;89
32;71
48;27
77;2
58;63
47;55
53;18
41;36
10;16
28;10
58;90
28;53
19;85
85;94
31;19
62;91
100;82
10;40
14;32
36;64
96;92
34;16
70;58
30;27
89;21
72;99
13;97
67;10
58;70
21;17
58;93
61;4
49;72
73;46
17;22
32;86
76;76
58;11
89;69
13;13
67;22
45;49
52;68
71;96
67;46
30;48
61;37
15;43
79;2
24;34
84;19
28;76
41;1
63;65
42;48
97;68
61;91
69;5
40;20
8;14
84;34
80;100
100;66
61;60
17;85
65;26
27;74
86;52
95;95
85;77
99;42
11;64
80;13
94;45
38;10
86;82
42;3
38;33
81;89
70;61
29;56
88;44
31;49
35;68
55;7
42;62
4;31
67;6
64;72
1;74
62;91
82;41
3;19
78;72
33;72
24;83
26;19
5;76
51;65
10;11
45;90
60;58
9;7
77;81
11;75
90;58
65;60
13;45
13;48
33;53
98;59
96;89
55;48
9;67
83;5
76;61
51;34
20;68
34;28
20;48
60;83
80;67
12;3
23;40
46;96
95;89
30;69
69;86
39;27
33;35
31;60
21;96
89;2
73;42
39;39
28;11
6;16
57;100
36;43
36;51
73;59
32;82
65;17
52;81
17;16
47;35
5;87
20;19
90;38
5;45
67;43
35;62
81;42
72;24
14;63
70;67
57;3
100;31
78;1
89;20
20;21
8;55
30;34
93;84
24;8
94;27
98;15
29;66
55;24
62;14
10;60
85;27
93;98
96;7
71;19
27;34
99;46
85;90
1;86
45;32
31;87
79;69
31;89
40;100
95;20
56;55
50;54
98;52
46;69
55;60
89;36
8;21
94;65
39;48
67;67
90;18
63;17
54;24
50;68
71;9
13;45
13;11
5;25
24;40
100;98
25;25
9;75
7;57
30;19
38;19
36;69
2;15
77;62
24;52
42;43
46;93
18;3
79;85
44;11
90;45
8;41
7;61
41;48
93;2
80;24
17;10
38;70
85;9
4;68
44;83
46;96
3;64
41;60
46;100
34;4
66;13
56;59
66;69
57;14
51;88
34;25
71;49
67;31
96;86
28;57
46;97
92;33
98;63
10;58
7;80
2;38
38;29
20;88
7;68
9;40
23;37
48;26
71;85
91;65
4;49
29;54
64;43
7;98
82;57
29;78
78;1
8;47
70;96
93;28
11;77
50;97
23;93
71;93
58;55
85;44
99;14
13;19
12;79
83;77
98;17
30;36
19;30
19;31
100;13
93;71
23;67
46;91
42;47
16;28
72;97
85;88
4;94
7;27
82;76
7;12
88;37
27;29
87;73
35;96
67;78
33;77
52;63
1;82
87;20
73;86
44;95
69;94
41;70
78;24
21;30
4;73
27;18
1;74
61;30
52;92
85;99
3;47
17;18
59;49
80;18
87;62
71;11
55;51
2;97
22;24
41;77
8;61
42;51
29;41
23;98
43;83
74;32
36;64
83;5
15;2
83;38
71;48
27;49
93;84
4;82
66;66
37;12
30;25
21;17
97;29
74;77
11;11
61;40
18;30
92;75
10;4
9;58
16;39
98;68
12;44
8;11
74;1
12;47
71;38
98;62
33;92
1;31
52;52
35;10
12;47
100;86
18;42
4;38
65;77
2;46
97;88
71;48
41;14
49;5
48;9
94;87
40;45
19;39
54;9
85;15
6;98
94;59
95;96
95;86
66;79
8;54
5;95
33;7
31;99
48;51
71;63
96;20
77;35
41;72
18;5
66;37
75;68
56;21
30;74
8;1
88;67
38;68
68;76
42;87
18;28
81;8
59;63
44;95
100;96
86;53
12;46
40;8
54;84
79;84
37;77
4;76
33;67
52;14
76;19
55;74
80;81
12;72
7;8
55;58
35;90
14;8
1;39
76;86
93;85
25;54
25;63
37;60
64;69
42;60
38;56
27;30
66;95
79;75
68;27
31;11
66;46
37;41
97;96
2;12
99;64
48;51
53;69
49;48
71;2
99;70
49;17
45;77
85;5
22;3
56;6
67;52
25;44
51;68
20;11
42;22
92;92
10;20
20;66
92;72
65;72
95;4
69;78
30;85
91;95
37;38
41;8
5;74
35;21
20;42
39;15
23;87
72;55
13;41
70;79
4;29
17;22
90;20
83;95
4;17
100;16
35;51
96;85
88;81
60;92
90;83
83;97
92;50
69;1
99;25
80;22
25;16
78;98
98;2
22;47
37;83
80;92
90;43
48;25
72;74
62;73
25;76
56;78
39;37
52;30
42;56
22;95
29;84
84;58
36;63
19;82
70;80
45;98
78;87
93;25
66;98
56;22
9;28
71;10
9;57
29;74
36;100
41;49
35;33
25;53
44;10
29;53
36;39
41;49
87;5
56;60
61;25
65;2
84;37
99;13
22;44
62;9
36;24
61;23
77;4
61;13
37;94
17;81
11;33
40;48
33;60
62;73
33;26
16;18
21;78
38;64
19;57
4;36
12;6
7;36
46;13
26;52
89;72
15;17
82;95
21;12
22;61
96;14
16;56
28;96
88;11
95;40
66;11
99;91
87;45
55;30
59;77
46;93
58;25
53;4
99;35
26;86
19;20
81;86
87;46
69;46
9;10
9;46
78;82
81;65
93;27
7;71
50;89
45;23
15;93
68;48
37;32
65;87
68;35
80;56
19;92
35;28
42;76
50;39
42;85
70;30
3;35
12;82
94;16
5;4
93;41
62;90
90;77
88;93
33;64
24;18
30;24
7;10
40;22
100;92
37;40
73;53
63;83
94;100
78;67
79;4
68;74
66;12
99;80
12;32
45;19
69;61
17;76
56;100
33;53
11;92
9;96
46;55
5;65
34;29
68;63
4;34
44;5
94;32
95;84
91;37
33;1
96;3
89;58
34;84
33;63
55;27
89;48
4;46
79;44
7;69
70;57
68;62
75;46
43;55
2;45
17;58
61;7
86;18
54;30
17;3
49;72
3;30
100;41
30;30
14;53
48;3
26;32
28;47
3;88
12;27
77;31
6;81
58;69
26;84
20;28
77;62
83;97
42;81
70;58
67;18
4;28
79;8
15;82
19;77
89;83
18;62
37;19
31;93
70;56
49;96
63;5
49;40
81;61
65;6
50;97
32;49
85;99
88;33
37;87
60;51
75;87
62;87
81;38
21;16
18;45
55;9
65;61
85;31
52;78
34;48
76;1
19;4
84;85
72;85
12;80
100;74
57;73
25;25
15;14
25;55
60;85
95;59
98;51
53;83
72;18
3;54
30;62
10;77
55;2
49;37
25;25
24;32
40;66
71;93
91;21
100;98
93;14
20;25
23;15
8;79
12;4
96;9
39;93
97;5
22;58
27;56
5;67
59;9
77;9
63;28
73;4
31;35
94;82
6;95
85;32
77;25
16;17
73;70
96;8
93;1
34;36
33;2
26;71
62;42
42;31
69;33
10;45
32;70
87;23
6;91
56;39
14;61
100;99
58;26
76;9
47;16
53;56
61;83
5;97
65;78
62;69
9;80
44;46
67;36
88;16
42;76
20;93
49;90
100;12
22;81
57;34
6;46
7;60
36;86
85;90
79;8
88;66
54;59
65;63
98;13
76;89
55;36
34;18
23;29
82;96
15;27
50;75
83;56
11;64
87;1
67;19
44;30
34;73
84;4
93;80
66;43
48;36
76;68
73;20
43;15
60;76
9;23
12;54
47;25
8;69
86;73
88;30
32;92
41;4
69;48
24;57
48;34
99;52
6;33
36;18
99;27
69;11
68;15
39;97
86;63
69;8
85;44
38;87
41;83
93;94
10;72
84;60
90;51
18;4
61;41
69;57
27;10
26;6
50;88
33;69
48;60
62;2
19;28
29;47
10;52
75;52
19;82
100;95
12;6
91;17
18;20
14;2
11;5
86;91
12;62
67;74
32;48
43;42
9;27
91;17
41;64
16;33
89;1
93;48
9;37
82;32
90;7
3;46
34;89
93;82
62;85
96;66
78;67
45;28
81;33
88;86
88;57
35;59
98;24
74;64
86;79
37;18
65;36
36;35
74;75
19;96
15;50
10;19
48;52
51;91
10;15
95;67
60;63
47;46
91;37
68;87
49;4
92;46
7;71
18;17
28;19
87;10
85;56
29;76
78;45
47;91
59;74
31;87
71;64
39;32
61;23
87;86
52;6
98;39
61;99
38;30
73;16
12;73
88;56
62;9
11;29
35;59
56;64
23;4
60;69
87;83
52;26
69;45
75;87
25;8
29;71
35;71
35;40
62;1
71;30
50;80
5;90
32;96
34;93
7;48
57;51
2;4
72;47
4;89
15;42
53;72
96;60
32;53
67;33
90;14
8;93
5;50
42;11
34;21
84;25
16;48
23;15
20;12
38;88
4;91
82;82
40;60
80;4
90;100
22;2
4;15
59;61
59;100
2;39
6;27
70;3
1;43
47;92
64;7
93;66
100;62
11;60
58;99
36;18
36;38
84;41
23;90
22;52
61;8
24;34
83;91
3;49
51;5
77;92
47;2
94;11
30;17
2;21
46;69
3;53
12;47
94;38
9;76
82;13
45;66
83;71
1;69
95;1
17;21
60;37
41;51
97;40
85;52
84;76
15;91
100;17
76;83
68;19
33;85
81;74
82;29
32;40
70;5
27;53
65;3
20;10
60;67
12;44
90;6
83;42
66;73
54;72
47;19
53;68
21;74
47;10
70;83
79;48
49;18
72;62
10;17
32;97
57;63
59;17
2;50
83;83
99;40
55;31
65;52
84;48
7;33
91;87
3;73
78;76
77;37
52;22
74;9
62;30
56;10
61;28
65;2
2;49
27;80
13;76
75;9
85;38
36;3
39;51
54;9
39;27
18;59
32;46
6;43
65;29
95;67
66;20
56;33
4;65
15;10
64;41
23;21
26;19
59;27
28;95
60;42
86;56
42;18
85;8
73;27
38;9
43;72
19;8
66;2
98;69
11;6
47;73
20;96
8;98
27;56
62;100
54;83
39;47
83;44
63;4
96;85
100;6
93;40
35;42
36;36
27;29
72;53
37;70
25;30
37;93
40;85
62;28
49;20
61;57
99;89
42;44
15;98
89;12
33;18
61;7
75;85
3;16
43;42
43;69
58;86
57;78
83;92
14;51
92;100
57;73
25;18
63;60
66;67
7;68
63;83
97;48
4;26
60;31
90;82
66;25
46;54
21;46
19;88
80;9
38;33
88;23
88;83
38;71
77;86
30;47
85;7
20;97
45;64
43;4
25;91
44;50
22;54
75;78
24;74
33;15
59;97
90;36
65;49
26;77
40;54
9;26
73;26
76;90
64;19
15;97
1;54
81;7
35;23
59;44
53;32
12;42
39;84
97;32
50;52
13;47
48;56
38;26
42;76
47;46
38;26
29;88
71;22
26;5
4;14
84;1
94;64
47;100
27;86
25;62
97;27
83;96
28;26
36;51
15;40
91;77
85;81
9;50
75;18
48;91
45;22
71;56
42;95
83;36
81;37
68;22
18;29
39;85
96;41
18;78
16;40
9;3
23;100
77;16
57;61
52;29
29;35
1;3
78;4
95;55
95;15
79;6
66;76
76;48
43;22
58;20
22;13
43;72
41;20
34;65
24;45
84;63
98;25
93;76
9;54
95;92
24;6
99;26
87;74
6;84
59;14
4;56
26;27
11;94
58;31
12;86
98;80
75;49
89;11
9;18
71;84
60;51
73;50
43;87
39;54
26;98
5;41
32;55
1;68
22;70
59;34
36;37
99;20
43;12
61;72
53;14
77;32
55;18
88;33
44;98
14;76
50;49
88;92
53;23
24;64
60;70
11;63
64;56
22;38
48;51
3;42
11;83
12;10
64;75
33;93
51;88
43;20
5;26
62;71
46;74
25;34
50;70
60;51
53;10
10;6
53;10
45;95
81;48
16;98
100;52
30;51
15;34
76;91
89;22
5;19
45;73
40;74
27;97
9;45
2;64
43;82
60;90
85;99
12;47
51;85
94;28
71;17
81;16
61;13
22;39
44;89
8;34
55;45
85;51
48;94
21;77
71;70
40;39
90;97
65;19
22;21
37;13
83;11
70;26
58;69
66;39
45;82
52;77
43;72
10;29
10;60
69;22
12;89
23;45
60;37
72;83
3;12
12;22
12;50
67;61
32;37
12;86
17;15
4;97
18;52
19;69
43;87
73;62
39;34
23;77
46;76
89;58
31;30
86;98
71;57
25;74
43;22
80;66
89;28
19;45
48;55
36;58
11;87
34;26
11;95
61;23
6;8
67;37
60;54
27;14
60;20
39;80
21;62
89;24
70;40
30;67
74;26
31;72
34;60
57;15
45;24
50;2
50;70
54;97
29;36
68;46
50;61
36;24
81;66
49;81
58;50
36;1
71;72
41;52
36;47
92;38
100;53
30;54
60;7
40;62
29;68
15;12
46;58
53;49
12;38
26;19
33;5
20;57
27;12
62;56
83;52
51;79
60;90
7;15
20;26
61;52
31;60
55;16
57;89
54;87
41;56
15;34
7;21
55;65
88;48
87;72
13;24
27;81
97;90
86;34
91;88
66;59
37;3
8;15
98;52
31;43
87;17
55;98
2;87
7;24
8;71
50;97
39;34
70;98
69;100
38;86
6;36
65;7
59;23
52;4
52;40
88;86
58;5
92;89
84;96
46;10
65;25
54;61
67;74
59;79
3;100
34;17
37;62
11;10
5;22
44;80
100;40
81;67
27;38
68;14
75;79
26;36
33;55
67;18
13;79
40;24
37;20
13;25
38;85
50;24
46;43
65;23
33;90
63;39
5;24
100;73
67;39
84;64
53;73
22;4
6;94
48;17
93;79
6;94
7;76
64;20
91;47
32;70
65;24
28;31
58;34
38;51
63;67
46;66
73;99
54;99
53;30
78;89
71;23
91;15
45;43
41;93
32;86
11;42
13;28
93;19
86;32
92;62
41;66
8;52
82;69
48;25
63;10
46;37
8;98
47;5
92;84
66;46
20;26
8;42
70;6
70;81
68;49
59;38
73;37
64;49
53;51
68;29
80;4
37;3
39;38
68;38
21;69
28;93
44;78
10;8
85;78
54;42
77;78
9;99
81;99
2;49
77;19
40;45
35;10
5;91
72;14
45;91
30;60
82;70
37;19
86;15
18;50
24;78
24;28
42;60
65;82
89;6
72;43
12;57
52;99
41;17
52;9
64;96
5;62
95;16
71;13
31;100
89;67
71;81
24;51
71;35
25;95
38;99
46;48
58;51
72;43
86;68
24;16
26;64
78;81
9;17
27;86
30;33
21;73
98;30
23;2
17;91
85;45
73;33
37;27
52;42
94;89
56;45
5;89
79;26
90;39
81;3
65;35
53;100
68;66
31;57
31;82
94;91
26;80
78;22
17;36
82;28
35;71
14;29
45;5
5;63
65;12
41;37
47;35
57;32
99;2
32;55
81;66
55;96
64;81
88;94
51;87
7;40
9;25
37;45
48;4
21;93
98;37
28;12
22;66
58;3
61;44
37;27
59;48
27;66
23;31
21;11
63;22
68;95
98;22
64;39
61;14
58;89
70;39
88;92
88;18
81;14
28;15
26;44
1;60
63;58
81;67
39;78
60;15
43;15
90;34
97;68
96;20
73;98
52;70
1;48
25;23
30;68
75;55
22;42
63;90
64;51
92;7
12;61
26;40
22;83
34;7
71;31
4;15
71;52
80;21
4;75
21;23
57;100
88;43
33;37
53;39
6;29
56;98
66;85
33;78
7;43
28;32
19;96
92;67
60;7
27;58
17;64
75;74
12;49
73;41
67;29
61;10
58;14
63;91
7;15
35;86
38;75
6;13
93;55
84;82
54;39
91;33
2;62
74;64
89;53
6;31
79;13
52;68
68;76
76;68
56;6
100;21
54;10
59;15
44;6
36;13
12;55
72;71
18;67
34;23
89;38
2;59
66;18
66;87
45;99
43;46
73;27
79;82
4;46
4;79
62;31
97;26
50;52
46;18
34;8
28;53
91;65
76;56
57;74
20;99
28;16
37;89
8;74
56;86
48;86
88;36
7;20
18;14
41;79
88;97
38;89
27;5
87;53
10;1
4;17
33;10
94;28
26;100
98;70
91;13
3;95
42;9
62;20
44;8
56;71
1;89
99;84
23;49
91;52
52;25
45;37
16;28
3;7
51;51
98;32
48;8
40;64
17;53
83;80
7;22
94;59
32;51
75;56
45;66
23;87
50;65
52;58
68;24
25;31
26;48
70;87
88;17
64;68
55;19
16;90
98;68
54;91
23;13
72;26
79;24
87;89
15;43
81;28
92;17
90;83
85;64
50;49
6;75
67;96
3;81
65;74
28;36
52;96
81;30
90;32
72;28
32;68
47;73
56;41
100;43
34;20
77;12
97;31
32;41
80;93
45;16
76;66
41;74
3;49
94;81
48;3
49;29
71;60
66;19
22;30
39;5
51;77
4;31
6;18
99;83
60;31
4;14
95;87
3;51
26;39
84;88
31;34
36;31
11;25
3;43
15;91
58;81
46;62
67;85
58;36
21;42
77;25
60;88
39;44
27;61
79;35
22;25
38;14
7;75
1;9
67;35
63;57
23;83
49;14
32;97
10;45
18;2
73;36
98;65
27;85
41;50
70;71
97;5
28;37
69;61
69;41
95;2
53;69
60;25
96;19
97;100
39;23
29;43
56;65
89;8
67;94
63;37
45;36
6;76
75;34
16;48
89;33
9;39
97;68
42;31
69;11
54;93
86;49
78;41
15;97
83;4
29;89
48;82
85;35
37;90
43;67
27;98
74;47
84;16
48;94
17;62
47;12
79;21
71;72
17;82
80;63
44;26
91;67
81;18
83;6
91;12
18;85
60;26
78;68
35;73
6;86
12;100
55;71
93;2
75;77
59;93
88;5
46;69
84;83
23;77
7;31
79;21
41;65
86;42
41;59
6;48
62;13
40;40
21;4
13;76
62;37
24;86
72;33
9;89
3;57
25;77
19;44
49;8
15;26
86;74
63;56
56;52
42;41
97;71
21;2
18;99
50;84
9;59
36;5
40;88
91;2
76;55
91;43
44;76
23;41
89;35
69;81
99;8
70;75
86;19
4;30
34;11
78;37
7;64
88;77
92;86
52;1
52;85
11;32
15;50
16;78
16;70
84;80
84;67
91;18
99;29
60;83
68;98
65;53
57;52
39;35
28;54
4;69
97;11
73;14
12;17
38;88
71;72
63;40
31;25
8;84
96;19
30;59
6;8
42;31
84;7
30;74
47;4
6;19
69;31
60;23
95;61
71;64
10;73
54;46
19;31
64;39
46;10
6;56
57;4
85;33
22;52
14;9
79;91
48;45
59;90
1;5
19;52
98;55
38;100
90;89
5;70
39;11
77;40
89;13
22;51
76;77
41;79
17;76
27;90
30;75
27;43
34;26
97;41
30;24
26;23
38;99
99;73
82;92
23;10
31;40
14;100
24;15
100;20
19;74
93;46
4;19
86;35
35;51
26;84
89;29
48;5
24;29
98;93
34;62
55;21
69;9
74;22
94;37
45;41
14;81
100;27
40;40
10;76
46;59
18;39
45;75
54;87
81;42
13;63
96;7
60;53
45;58
7;12
82;54
7;74
1;88
98;25
68;3
76;50
30;1
16;76
42;16
58;94
65;37
29;29
97;91
60;43
32;18
49;47
53;97
48;7
65;53
56;1
26;36
89;3
7;4
62;78
19;54
13;20
72;39
60;90
28;38
90;14
13;74
53;96
24;48
53;78
3;3
37;40
79;32
97;87
34;65
82;35
8;80
48;96
73;7
73;84
42;43
32;5
71;14
64;79
86;76
40;70
9;94
41;51
42;23
74;54
12;5
12;67
45;91
46;19
72;24
25;21
27;98
41;27
84;97
30;43
35;30
66;80
42;52
65;98
62;90
77;82
20;13
34;42
92;75
