57;86
18;60
76;52
36;19
35;78
9;14
78;29
4;24
30;64
25;96
78;21
19;91
56;83
91;51
55;19
24;43
9;63
61;6
43;91
48;5
66;68
5;12
65;3
28;58
80;29
70;59
68;52
12;4
40;16
39;94
11;57
26;29
96;53
38;72
30;66
59;73
27;7
38;21
78;55
84;55
23;83
84;71
41;21
39;87
87;48
44;85
21;50
51;11
26;78
55;65
12;30
16;58
2;5
80;30
64;77
100;86
18;71
97;6
27;90
60;92
5;78
26;78
76;89
95;86
32;8
43;11
57;10
38;47
66;81
3;69
1;16
94;28
21;99
54;60
92;54
64;62
54;51
92;12
48;33
33;82
20;46
100;47
69;24
16;98
6;60
28;78
2;28
2;93
96;81
50;42
97;61
61;96
22;51
70;1
6;31
58;53
63;90
23;14
91;65
81;90
21;19
63;31
63;34
1;29
35;64
62;57
20;45
92;77
38;83
72;7
34;51
18;37
69;21
13;39
31;76
60;81
66;97
61;75
79;45
99;5
58;41
4;30
71;10
21;76
4;76
62;48
1;33
6;56
84;75
87;99
33;88
21;63
13;97
53;82
98;19
48;6
50;18
43;88
9;79
41;40
75;3
34;26
85;85
18;38
56;92
20;83
36;33
22;65
52;42
15;79
58;15
99;47
83;48
37;51
41;43
78;55
40;7
85;43
5;4
25;38
19;42
9;57
64;52
92;6
30;53
93;74
53;51
74;49
100;14
45;78
51;99
100;36
86;43
24;77
14;18
93;36
35;45
35;26
83;85
4;20
6;71
83;7
28;67
78;71
18;74
82;18
70;2
47;16
88;76
27;70
5;6
24;43
13;56
45;52
12;13
17;93
39;3
22;37
39;50
50;61
93;4
30;58
38;48
51;82
85;93
61;43
100;72
36;7
4;80
77;53
75;66
78;89
34;56
38;11
4;18
29;63
92;33
3;29
26;70
92;8
47;89
53;13
89;38
86;18
56;44
15;29
88;38
38;8
15;98
88;39
100;6
52;31
4;36
41;16
75;34
79;34
45;98
12;59
55;64
42;41
82;75
65;21
6;14
61;87
61;89
16;66
33;3
31;70
12;44
97;69
81;16
92;17
6;5
66;31
78;19
52;81
39;63
68;70
81;44
32;41
25;66
38;88
6;5
48;35
19;78
15;67
33;82
13;22
8;73
86;20
100;83
3;11
26;40
84;4
92;16
73;46
65;42
33;51
60;30
74;80
16;37
58;98
66;45
52;78
85;52
31;98
68;85
53;72
51;83
48;83
38;20
60;83
44;82
65;56
17;81
48;91
21;21
5;16
84;56
74;44
25;10
48;28
85;17
61;77
97;23
77;7
48;67
16;16
25;81
85;11
5;83
75;16
51;34
31;78
65;37
98;64
66;98
39;29
21;6
22;52
12;87
24;29
61;23
32;27
71;30
12;22
96;68
21;94
38;41
64;50
33;36
15;62
51;81
19;53
14;57
6;47
79;40
76;6
49;100
65;49
91;82
36;41
10;99
30;82
96;33
64;20
86;75
35;72
80;100
20;21
5;5
28;22
18;50
68;9
61;73
59;74
59;50
76;77
30;98
35;97
27;33
3;22
5;21
17;29
26;49
53;26
11;26
68;28
48;100
36;19
89;38
42;71
8;14
19;26
56;99
13;48
72;19
90;41
25;13
98;87
45;94
12;30
59;85
92;60
36;48
90;80
70;36
41;94
80;89
96;77
80;7
88;12
24;29
34;8
76;89
96;89
30;14
69;27
40;18
82;64
58;34
91;28
84;91
42;6
25;49
85;65
53;4
73;11
67;5
4;37
68;36
16;18
97;18
75;94
11;83
82;62
21;94
81;3
27;83
74;47
57;19
49;36
38;41
64;79
78;73
55;50
56;46
69;14
11;91
94;87
58;53
85;81
58;88
89;23
28;87
77;19
86;78
12;81
44;73
73;97
91;71
87;66
18;45
3;49
87;92
66;72
10;65
27;65
34;72
3;67
19;37
82;12
71;62
11;80
17;2
66;78
71;24
42;51
82;35
75;38
33;26
99;94
57;91
44;32
53;88
31;17
60;68
75;11
17;99
7;95
12;57
26;14
15;52
35;57
86;61
39;40
82;91
58;40
36;35
34;52
73;59
93;4
10;97
84;30
66;45
74;30
21;56
34;68
51;60
83;29
92;47
21;31
49;7
62;88
33;82
23;42
58;11
85;39
50;11
14;47
22;99
51;2
75;60
58;3
25;21
7;28
60;74
84;21
29;96
50;32
5;32
83;66
36;11
85;64
98;38
51;8
14;36
10;76
92;49
40;21
35;31
52;40
72;16
96;42
12;16
30;76
64;76
87;87
45;34
28;23
37;53
51;27
78;87
97;54
93;54
88;87
71;24
75;76
68;19
54;9
32;30
30;86
4;50
99;62
28;69
2;60
38;61
64;30
4;75
56;66
95;41
1;37
5;64
74;62
24;11
90;11
11;12
92;19
78;61
27;46
43;100
77;76
4;26
82;36
58;40
49;17
19;54
83;28
92;40
83;56
59;23
55;98
99;97
25;65
12;70
6;30
60;7
19;87
54;73
30;46
53;67
59;11
18;24
87;40
99;78
90;47
12;99
9;77
10;100
5;91
94;83
53;24
75;48
50;6
67;88
73;45
56;20
14;7
67;99
22;82
75;38
68;51
71;19
69;73
53;48
87;34
7;20
13;49
69;75
52;87
41;17
31;1
41;85
37;54
89;47
83;10
95;86
48;20
10;95
77;68
100;3
97;12
35;96
25;92
4;68
7;22
35;44
79;94
46;48
24;3
41;100
100;36
21;59
30;91
88;89
67;94
54;33
79;59
25;72
34;62
89;52
41;1
67;40
17;13
11;5
80;100
13;97
42;92
26;24
54;11
58;100
64;27
67;98
97;44
93;62
40;99
90;39
16;44
75;19
41;31
75;10
62;87
92;31
78;14
96;28
66;63
100;80
75;94
63;8
98;90
76;17
78;73
48;98
56;26
19;18
27;41
74;12
38;30
1;99
13;31
52;58
40;27
34;97
54;9
22;33
80;39
25;11
13;81
76;74
31;82
79;30
31;50
53;40
39;66
49;10
6;25
25;17
69;35
51;19
25;36
20;15
18;76
37;60
2;52
36;75
81;7
48;77
92;46
2;44
22;89
100;56
51;84
94;91
16;45
51;7
44;7
70;49
28;6
35;7
67;99
93;31
64;8
49;36
77;31
69;71
91;24
61;10
88;1
68;21
99;65
42;94
72;100
3;1
58;81
78;31
21;56
68;94
86;32
14;29
1;9
98;37
20;74
24;67
6;13
82;40
69;33
88;34
47;32
43;9
32;6
46;15
2;78
9;57
69;47
72;81
22;46
51;54
93;63
30;9
81;29
98;57
24;72
87;75
38;55
44;92
39;14
1;83
50;56
63;85
56;53
39;57
3;56
2;28
73;36
58;32
45;76
27;19
50;82
93;62
6;32
83;99
78;57
55;96
57;64
53;8
47;84
17;16
74;95
34;94
59;22
47;55
43;5
55;82
97;69
22;93
83;20
81;48
90;32
72;47
12;28
56;96
12;25
6;87
96;74
59;67
44;75
59;21
20;13
71;41
62;88
36;95
16;99
98;23
19;26
26;7
86;30
91;9
90;76
9;35
65;89
96;74
81;62
68;45
3;48
1;5
90;98
83;52
82;20
78;17
33;10
59;7
5;31
28;16
100;32
82;4
39;53
35;99
29;88
19;43
15;98
3;67
98;4
8;51
74;10
78;42
7;15
42;88
4;43
51;26
98;32
60;45
48;91
28;39
1;39
33;35
52;47
40;72
29;86
89;64
77;25
88;90
40;15
11;16
95;89
45;11
100;1
45;96
90;38
29;48
75;85
62;33
39;67
86;15
36;18
39;99
31;93
96;65
23;96
13;18
86;100
80;90
49;90
50;25
43;10
91;7
35;57
99;29
82;78
19;91
78;50
98;87
67;95
73;23
50;23
35;38
24;37
34;76
39;83
66;77
86;41
92;21
73;85
28;33
37;79
32;73
46;70
33;94
47;44
27;48
28;34
82;70
79;62
8;36
13;39
36;23
13;32
24;12
84;99
52;94
81;79
34;99
70;72
89;48
20;83
82;12
13;18
51;20
86;80
60;96
47;23
46;63
86;22
83;11
72;70
55;81
73;87
28;62
43;9
50;56
96;45
11;2
12;61
31;58
54;52
56;27
72;44
84;10
22;82
22;42
77;59
68;18
35;87
48;72
87;81
9;69
54;3
76;88
79;65
8;83
85;10
98;43
62;4
87;52
18;79
64;96
74;6
50;29
99;40
34;42
59;94
92;27
18;41
85;66
49;35
73;27
48;87
24;88
61;32
80;3
86;5
8;2
87;93
71;40
95;88
57;60
51;17
94;93
17;38
98;78
73;41
5;48
75;16
32;37
41;56
78;62
25;83
93;33
37;77
47;36
27;51
10;32
38;49
62;12
55;80
89;85
65;94
14;90
36;11
86;41
42;64
87;80
3;61
18;29
81;84
71;76
30;31
60;23
45;34
79;19
38;65
83;63
48;88
58;66
98;52
33;99
8;6
32;94
92;23
7;78
21;86
38;65
84;14
20;66
60;21
48;76
16;30
31;63
14;45
64;67
41;32
66;82
55;53
87;38
36;93
44;7
64;89
33;59
63;85
7;17
29;25
73;17
82;99
50;84
21;6
62;100
86;61
43;28
65;32
73;79
93;42
29;98
65;58
46;26
99;80
71;75
92;3
16;16
86;12
64;23
79;51
73;56
97;1
79;45
95;23
54;51
99;71
43;51
93;73
64;47
22;28
85;67
45;88
99;25
34;89
16;19
30;37
49;31
56;11
35;61
65;20
53;46
23;75
31;56
19;88
60;91
84;22
7;71
82;42
99;89
78;95
24;18
69;20
31;40
68;50
74;5
84;56
18;71
27;88
2;55
59;44
23;88
82;55
98;78
23;78
19;14
24;4
65;98
87;99
64;52
9;52
28;62
54;5
48;58
18;21
19;24
51;93
98;82
30;62
93;42
43;64
76;48
53;71
5;62
61;1
95;37
83;77
11;22
76;19
87;96
12;59
39;37
68;60
86;70
44;8
96;86
12;72
100;16
46;24
22;48
91;76
78;56
27;16
80;42
55;16
30;70
20;74
82;74
29;34
48;54
4;56
34;69
93;52
15;72
37;1
25;88
12;21
75;16
74;76
8;86
56;68
19;43
30;44
17;15
33;100
45;34
52;88
25;97
99;19
58;78
48;13
2;45
34;42
9;45
24;8
25;47
22;46
69;57
89;21
96;8
91;93
37;35
98;27
47;79
16;80
72;38
95;15
34;86
39;51
7;61
82;24
91;71
98;60
1;43
11;43
66;5
92;23
14;10
25;16
100;4
57;94
98;56
58;92
6;7
44;19
66;47
19;8
94;87
2;88
55;93
80;66
1;16
61;10
91;91
70;14
81;80
30;14
11;18
20;40
14;58
34;11
38;50
28;37
22;29
54;73
97;20
100;2
87;44
84;7
45;93
36;27
28;67
87;89
9;57
30;99
94;16
23;57
79;84
90;82
79;58
95;37
84;5
14;95
48;46
59;65
80;86
30;17
16;30
41;82
44;94
78;89
40;83
44;34
74;97
46;1
65;23
41;89
32;25
67;98
16;88
99;62
95;32
66;55
96;47
61;36
64;32
62;90
3;67
12;54
74;2
14;34
63;82
5;63
13;51
72;40
50;21
44;61
30;61
97;84
67;97
99;65
65;3
85;16
14;7
94;16
13;91
55;99
92;74
68;20
91;36
97;57
90;22
32;27
26;18
82;4
55;20
74;96
99;61
15;3
27;26
25;58
82;41
9;66
21;8
33;74
98;26
43;46
36;84
59;43
12;59
19;44
28;59
88;67
87;12
93;16
70;87
79;73
29;66
3;72
72;76
3;25
8;51
11;93
41;28
35;62
27;96
42;14
92;74
19;30
91;34
2;98
93;33
93;18
60;13
2;12
18;32
90;56
7;44
50;97
45;34
82;60
79;60
60;60
99;99
7;67
98;82
75;87
24;52
99;55
1;60
99;45
19;76
47;90
7;7
88;38
39;4
10;36
26;57
86;68
66;88
85;63
59;96
82;53
100;13
49;61
11;47
58;31
23;20
10;41
78;2
65;54
10;87
55;74
98;77
26;12
41;63
93;23
4;98
2;73
32;71
74;12
13;42
93;12
46;1
47;17
73;48
70;15
83;11
6;11
26;36
29;62
98;70
50;77
67;37
63;15
8;38
1;63
21;60
39;82
23;70
13;70
78;95
86;35
96;91
95;73
36;98
38;61
79;36
3;17
55;97
10;19
31;96
11;51
21;15
21;85
91;42
22;36
26;80
8;33
72;42
27;67
9;57
64;39
1;76
72;2
66;51
26;17
32;57
23;72
18;36
3;23
31;60
66;20
67;21
11;33
84;63
35;97
43;29
73;57
98;67
94;40
55;99
97;87
47;71
29;68
21;96
27;38
67;27
3;12
93;18
61;9
70;34
72;63
58;81
60;27
100;40
95;1
23;75
46;55
42;77
57;84
29;68
34;6
41;93
67;11
19;22
16;66
83;26
78;3
33;84
88;61
28;91
37;3
30;59
54;47
30;99
89;67
79;8
45;81
50;27
61;48
3;18
50;69
42;47
51;60
6;66
98;81
73;15
90;64
75;7
72;48
50;34
64;32
8;70
3;16
22;47
1;90
97;17
24;39
57;5
28;3
18;57
72;40
81;84
41;52
98;2
10;34
18;100
13;31
27;73
67;29
95;59
36;48
36;65
100;32
41;75
35;72
4;14
28;1
85;40
58;84
71;1
5;10
11;22
91;76
76;97
81;86
60;4
40;88
13;61
6;8
20;64
22;56
46;63
85;75
3;90
10;29
85;75
1;17
99;74
31;73
3;2
75;55
80;93
29;22
89;61
60;62
54;28
18;38
26;56
96;37
56;93
56;17
5;16
66;90
30;40
56;96
62;58
87;61
58;60
73;59
75;54
44;78
12;28
51;38
15;91
4;75
71;16
66;26
7;63
45;25
1;13
52;66
50;90
25;82
48;82
1;83
87;84
27;56
44;58
99;70
19;62
91;80
54;97
95;78
80;80
64;35
89;47
14;41
70;53
96;64
70;6
56;51
72;6
83;40
64;4
90;23
20;26
33;44
89;71
74;32
12;81
68;65
36;100
98;50
65;74
47;10
73;22
42;48
24;30
73;9
44;46
90;83
37;31
93;81
15;6
13;48
2;42
6;67
68;72
61;1
31;59
73;35
15;28
61;26
25;63
71;79
41;14
67;35
12;64
95;43
45;92
79;75
79;20
60;100
80;23
6;25
12;10
13;40
48;41
73;58
31;12
32;81
78;69
22;47
69;93
84;3
13;23
96;28
84;31
9;27
35;70
71;56
64;24
50;37
33;52
83;24
64;45
82;53
93;58
41;6
72;3
70;99
49;63
44;55
11;57
59;39
63;57
49;36
76;50
20;81
3;18
100;65
56;81
82;19
37;52
45;15
2;73
35;34
46;96
61;41
83;39
93;98
79;45
70;85
95;76
68;12
81;19
63;43
23;57
60;34
29;77
4;58
64;61
66;35
92;56
41;73
23;72
71;49
41;3
15;3
11;90
60;79
92;84
50;18
55;48
59;13
14;80
14;35
58;48
53;64
46;32
73;82
91;89
86;96
73;68
61;30
4;2
24;50
65;64
84;48
94;2
55;79
5;45
59;78
25;33
18;23
33;17
90;30
93;9
36;60
87;30
35;49
6;89
97;80
14;38
20;26
76;37
50;24
34;43
43;59
54;54
25;93
17;96
62;74
57;52
78;43
28;34
99;86
59;12
20;30
24;24
24;42
54;40
68;25
60;50
31;17
37;83
45;14
22;32
68;70
9;90
79;69
57;85
15;49
99;60
27;83
100;99
21;11
18;46
41;7
23;18
27;89
7;54
78;46
17;97
86;63
60;96
88;28
81;65
44;23
27;2
34;99
7;69
69;43
58;91
40;86
69;32
99;25
19;65
76;87
81;28
89;12
63;85
65;40
82;65
26;6
97;21
27;8
49;87
21;16
29;48
52;34
72;55
65;29
87;69
5;33
34;89
51;58
82;77
68;74
50;46
38;48
41;43
97;51
51;55
90;22
26;11
24;2
40;72
17;63
89;34
14;38
77;99
96;60
24;60
40;46
14;35
93;9
90;28
93;2
32;38
15;3
30;46
83;34
33;98
35;19
37;6
97;20
62;84
51;13
8;32
15;77
42;77
61;90
64;78
60;88
10;46
84;55
72;89
78;57
12;11
13;13
10;82
3;64
98;26
97;53
22;2
16;79
77;81
13;31
51;80
41;21
41;7
8;66
64;80
57;15
4;35
31;49
96;80
85;2
91;70
42;76
21;3
24;36
32;34
57;95
48;22
40;11
59;8
35;25
91;28
63;79
10;98
33;91
51;33
54;58
21;22
85;80
70;37
74;10
48;87
47;59
19;1
60;52
82;64
11;90
9;61
82;65
75;53
17;97
55;92
19;69
81;67
7;93
88;10
42;82
86;72
68;25
14;23
87;91
93;31
16;50
83;26
30;43
90;62
6;25
38;73
43;64
45;91
29;38
47;49
55;48
23;91
59;6
41;20
87;39
63;39
45;21
6;37
25;42
83;85
89;49
43;61
36;58
98;11
59;99
62;5
95;11
8;11
82;57
46;94
33;44
57;86
89;80
64;43
15;36
71;36
88;97
54;50
13;68
22;69
72;6
63;55
26;87
61;99
87;46
41;80
71;88
4;66
50;1
98;52
45;78
54;2
87;87
88;47
74;74
8;63
65;13
68;15
90;54
41;78
68;6
85;10
69;86
38;39
75;5
8;82
79;21
36;64
37;47
58;8
99;24
99;80
78;88
80;8
41;72
66;54
13;20
38;73
85;21
