4;48
37;24
98;13
10;22
36;100
41;53
36;46
89;69
4;49
68;20
46;69
1;50
88;49
73;67
89;36
15;97
94;8
15;1
66;41
28;36
53;63
70;46
14;13
7;8
55;62
56;34
49;72
28;23
89;100
67;12
6;40
92;13
15;54
6;54
62;27
55;67
30;10
8;90
89;39
55;26
10;81
3;41
34;21
64;96
75;86
20;22
82;2
89;27
76;8
92;8
63;100
54;39
34;38
58;23
66;33
80;82
57;57
54;55
44;75
46;79
55;79
1;4
66;23
2;7
43;54
32;2
87;15
95;21
41;96
86;92
99;9
64;42
66;7
35;28
51;39
66;98
37;99
34;38
26;23
44;44
6;94
40;25
84;97
88;71
55;98
33;70
88;3
60;48
77;34
23;65
40;4
15;96
36;95
80;17
10;50
59;66
50;43
3;53
9;70
51;20
94;38
45;70
40;94
6;46
19;18
29;43
88;69
18;21
20;16
34;59
7;92
28;24
67;3
20;63
23;100
73;16
33;36
12;83
57;74
25;32
79;72
16;51
20;59
40;82
92;45
80;79
31;54
4;17
18;59
99;93
39;16
23;79
29;22
68;64
6;14
59;46
5;3
45;5
67;66
60;76
68;60
81;7
10;60
77;9
91;96
53;3
2;80
73;23
39;44
40;80
47;77
24;4
29;45
7;17
12;66
28;63
2;91
97;18
25;4
94;96
21;37
53;52
69;74
86;1
56;48
38;31
91;3
1;31
54;89
27;62
49;58
81;71
61;59
61;35
67;80
47;1
89;1
89;50
65;22
67;69
77;85
16;66
51;62
56;83
4;67
24;13
94;29
80;57
54;88
81;78
62;71
26;52
88;64
94;90
15;55
12;96
55;92
16;67
2;81
71;53
