100;41
17;86
6;23
8;69
37;90
46;3
22;72
42;91
65;62
61;55
52;88
64;31
94;51
82;74
91;41
61;48
60;64
1;72
80;4
43;84
70;47
38;57
54;49
61;29
27;60
53;53
4;71
86;71
37;85
9;32
87;37
96;62
34;61
62;60
81;10
100;61
85;81
58;63
61;4
46;20
61;12
45;22
67;23
24;36
86;71
66;99
60;46
56;95
73;49
89;61
87;17
11;86
45;2
35;76
28;35
89;4
86;8
58;42
56;59
1;87
44;88
82;92
20;89
10;24
46;89
69;95
72;59
49;78
38;3
5;38
20;69
72;48
6;75
80;56
82;26
15;82
67;83
48;91
79;66
82;7
32;49
78;50
32;42
74;38
58;62
43;47
41;6
77;67
26;54
61;72
73;33
87;81
84;75
27;98
58;43
63;44
66;23
72;34
37;65
61;32
55;85
37;30
99;63
98;19
46;44
42;78
98;59
71;43
6;79
93;11
65;80
46;7
39;61
65;30
32;34
65;26
36;49
35;53
32;19
76;85
78;63
8;55
14;8
72;87
70;20
86;17
87;3
34;66
83;81
46;97
81;40
80;94
84;51
37;84
67;69
37;45
13;80
1;76
66;89
7;52
68;34
79;99
9;79
73;31
53;2
76;22
20;68
5;97
48;38
69;15
74;93
19;28
44;20
7;2
50;62
99;59
14;52
60;80
72;53
94;12
23;4
81;18
14;29
20;91
94;34
11;37
44;83
46;98
53;65
74;44
85;47
51;95
30;58
50;86
27;88
37;78
14;75
87;89
25;72
90;4
44;12
25;54
9;63
71;41
53;65
24;38
30;34
88;68
66;85
12;22
15;8
4;78
48;31
77;15
68;15
65;85
58;15
34;68
75;73
46;9
10;30
77;70
40;66
79;11
42;28
79;58
94;35
5;97
5;79
32;19
100;25
16;43
56;43
5;39
33;19
90;50
77;93
35;49
100;45
3;78
12;61
32;15
29;75
47;53
37;51
50;58
65;51
95;87
66;42
17;48
31;61
77;38
7;58
19;46
27;92
65;9
29;8
72;94
47;4
4;72
43;57
74;95
52;73
45;99
38;74
37;83
3;9
72;87
50;83
4;55
14;64
68;29
79;67
41;6
92;53
20;52
78;86
53;75
99;95
53;53
99;75
73;86
18;24
27;84
43;35
94;67
59;97
43;26
85;46
29;27
51;8
5;15
89;74
44;50
36;45
80;40
26;69
48;23
89;34
4;79
83;42
14;6
24;66
54;99
92;52
2;70
62;99
8;56
13;68
49;97
55;43
29;80
86;18
87;3
88;31
25;78
1;30
97;44
83;34
26;12
42;35
98;99
58;98
41;7
79;78
72;58
39;98
77;70
3;55
33;9
48;35
19;74
74;28
79;71
38;20
79;31
82;84
71;27
30;57
51;30
39;50
52;23
92;1
81;47
74;51
74;90
18;7
48;92
63;94
65;89
27;6
34;40
61;3
82;22
72;7
80;3
62;85
32;72
72;60
93;21
69;80
31;53
75;12
79;22
31;21
21;79
41;53
66;53
85;88
81;54
83;74
82;21
18;32
74;54
58;26
32;37
78;78
4;99
36;74
59;6
43;72
82;29
19;77
87;74
25;39
68;35
51;69
22;99
52;90
100;66
79;53
61;27
20;6
69;4
87;16
45;82
50;50
45;80
57;13
64;16
55;88
28;74
2;89
49;44
15;13
84;89
67;27
49;67
80;97
85;72
13;24
81;58
79;8
90;68
59;88
51;83
1;1
52;60
64;32
12;74
50;94
77;92
35;53
73;55
78;60
74;39
51;74
79;78
37;66
61;9
79;39
23;21
71;69
1;75
96;20
56;7
43;83
28;1
21;60
57;75
2;57
90;46
95;41
76;61
41;86
97;94
50;55
22;39
95;79
32;67
38;22
1;71
52;48
58;5
14;78
66;98
86;19
45;37
56;10
99;75
94;60
24;77
25;14
33;92
24;77
15;6
16;22
10;49
23;2
76;63
67;47
27;89
24;22
86;83
50;45
51;11
8;35
57;40
73;58
58;89
26;10
46;26
44;68
33;65
100;76
87;79
40;50
45;96
73;19
85;90
100;76
79;11
4;9
11;7
22;63
38;69
83;60
13;25
92;77
10;94
18;72
100;23
10;29
61;35
94;79
58;25
24;28
41;11
17;41
14;78
24;22
39;75
19;12
80;89
67;30
67;41
50;41
12;15
70;24
93;23
66;76
100;44
63;7
85;21
52;8
62;70
99;70
68;97
29;24
62;75
9;17
66;48
86;4
94;89
81;74
90;94
52;16
18;59
1;53
27;45
51;59
72;32
44;26
10;63
99;64
28;99
82;17
72;23
13;54
21;72
5;36
18;47
21;14
94;36
76;43
65;36
87;20
31;98
68;38
17;16
34;83
43;55
83;90
5;99
41;1
68;70
82;56
34;29
97;76
20;1
24;90
19;85
88;48
83;21
74;86
33;94
46;59
38;74
91;47
57;59
64;80
84;99
47;38
51;18
22;71
70;48
15;78
64;99
94;62
100;41
29;21
98;54
40;100
74;56
22;87
7;65
89;21
93;83
91;14
35;21
34;72
19;83
53;72
8;6
41;98
23;74
3;95
66;56
48;56
81;42
48;36
16;73
70;18
85;27
40;96
20;66
97;59
70;9
18;8
15;63
96;50
16;26
47;95
5;54
8;57
94;67
85;97
12;13
78;9
26;15
42;11
31;40
23;67
65;72
91;76
31;59
15;62
100;83
64;8
52;80
26;37
30;33
46;70
66;57
9;52
45;32
90;50
51;32
71;62
90;4
23;98
68;40
15;34
63;43
59;97
29;59
34;11
58;26
79;18
79;20
95;91
99;5
2;48
59;94
64;92
30;16
16;46
28;65
83;15
27;58
13;50
71;38
62;81
61;56
18;8
45;72
17;78
60;72
64;89
4;19
76;4
14;57
2;39
30;76
76;53
42;11
23;66
13;92
61;97
3;64
9;60
63;76
71;24
39;5
95;84
59;57
70;60
64;57
72;19
31;81
72;14
8;99
45;52
29;70
6;75
82;12
41;26
73;53
71;74
8;33
96;92
69;89
13;47
76;87
31;100
80;80
91;30
88;15
19;80
82;68
91;12
47;17
53;30
24;22
57;54
64;7
92;42
48;71
99;48
14;11
58;58
26;71
63;36
58;8
41;21
10;74
47;50
81;50
82;74
76;12
62;40
15;53
6;24
91;100
24;18
36;95
95;48
84;100
17;80
31;74
59;79
42;48
11;99
35;63
100;40
86;69
48;13
77;76
13;31
66;26
62;82
63;70
56;52
82;35
40;96
56;95
60;40
91;83
87;78
18;45
11;59
92;56
94;79
82;21
12;58
48;35
78;63
68;29
97;76
69;75
1;28
62;5
33;78
95;64
99;70
87;45
27;49
46;94
5;50
90;71
100;33
58;10
12;56
94;86
17;13
12;46
19;61
41;98
75;74
61;69
86;5
78;47
22;22
21;67
86;46
94;79
36;56
22;97
53;99
12;10
25;81
5;30
51;81
74;67
73;39
33;42
41;89
6;65
4;66
28;82
