84;15
39;97
46;36
71;40
82;36
72;19
93;19
13;53
47;46
74;72
7;43
12;50
86;10
98;68
40;2
100;67
37;78
10;99
35;93
14;6
6;71
31;54
84;32
15;20
34;56
61;18
100;96
71;99
32;81
38;77
41;34
68;48
6;27
8;92
62;35
22;75
71;85
5;72
87;81
15;53
20;11
64;4
83;38
66;81
12;1
83;76
46;34
15;56
43;79
50;16
31;43
96;81
44;41
36;28
17;3
13;41
25;52
80;82
97;61
74;41
76;17
9;16
25;12
51;31
78;8
46;94
65;83
76;50
65;56
5;5
59;57
35;99
25;23
73;43
34;99
17;28
56;99
68;9
33;80
37;73
74;6
29;3
43;87
83;61
18;12
48;83
68;98
51;5
61;95
45;35
8;17
82;24
86;75
80;62
56;100
7;6
89;95
72;4
42;64
82;85
10;43
66;78
29;99
13;77
34;75
80;77
91;22
94;1
54;73
72;17
20;14
98;56
13;1
87;20
28;93
62;96
58;91
5;6
67;26
85;48
49;12
60;11
71;95
94;25
53;100
51;49
95;74
59;49
9;97
97;51
53;56
54;20
62;62
43;13
11;61
21;1
51;63
31;5
27;72
72;39
73;25
11;63
5;76
90;74
24;79
67;81
36;49
32;80
24;23
44;95
18;25
18;93
60;66
39;28
48;35
52;30
60;45
83;60
97;8
97;87
19;6
2;41
70;73
37;46
63;34
10;75
67;17
82;60
1;81
54;65
2;78
87;77
2;32
15;62
3;31
26;7
2;71
27;43
8;100
33;79
89;67
15;26
99;37
53;27
2;94
92;50
4;45
82;54
7;18
17;55
84;93
37;44
45;93
5;32
45;55
79;33
48;69
14;68
44;72
51;78
3;92
6;25
3;92
25;45
70;92
85;47
27;23
18;31
82;5
7;3
66;54
21;71
98;10
82;12
25;46
25;89
58;27
97;23
17;20
17;84
32;64
67;100
94;41
26;36
84;42
99;4
72;71
5;55
39;4
17;27
43;38
47;77
62;18
19;75
3;23
34;7
1;65
54;4
23;92
25;67
1;70
4;59
29;91
68;98
4;83
89;69
69;5
87;66
29;27
18;63
15;17
60;21
20;22
59;13
26;26
87;11
74;51
28;78
71;93
55;15
54;28
63;53
75;91
97;71
41;47
13;55
41;57
40;51
27;13
73;36
91;77
29;3
39;52
66;70
12;81
71;96
56;74
46;74
65;13
26;1
55;32
12;27
72;51
63;80
41;94
100;62
4;56
47;61
28;19
11;3
53;77
36;85
26;76
79;21
29;20
17;23
66;41
14;82
30;86
17;41
36;20
55;51
21;79
97;67
93;57
8;78
83;47
28;98
59;62
90;3
96;21
82;67
62;19
55;11
29;45
41;91
10;82
17;40
49;98
21;43
48;14
11;35
94;54
42;34
94;51
85;94
48;7
78;11
92;42
38;56
55;34
8;94
27;77
59;30
57;81
76;93
33;33
68;44
72;48
10;28
63;55
27;94
65;57
23;44
20;8
98;93
77;19
38;44
85;62
99;9
32;20
5;39
41;15
8;31
93;1
84;3
58;54
100;58
23;2
51;74
83;91
15;60
96;99
51;20
35;60
31;5
99;79
93;5
100;48
64;15
2;93
71;25
3;89
12;21
39;89
45;8
57;50
80;68
76;11
46;43
32;33
52;76
71;99
95;67
38;45
63;9
81;49
20;40
68;47
9;2
77;8
49;28
46;2
15;7
39;18
81;62
2;21
14;75
74;5
99;89
42;61
22;31
45;99
47;32
57;85
14;6
47;49
56;53
67;12
34;9
84;70
73;66
3;64
68;10
19;55
15;50
88;78
62;81
25;15
20;69
64;65
45;92
10;84
2;57
49;25
90;66
97;72
71;95
99;52
5;17
91;42
11;24
28;16
28;60
78;16
77;50
56;12
39;72
32;68
58;44
4;74
70;85
34;28
43;98
29;8
38;17
26;75
54;16
57;76
57;88
4;73
96;94
61;37
60;57
85;65
96;68
44;45
99;54
14;10
82;71
82;12
13;98
89;34
92;100
62;54
41;91
58;25
38;19
95;34
99;79
21;82
97;87
30;53
85;89
77;98
61;14
49;44
72;58
48;27
48;6
45;39
3;61
16;59
61;67
71;96
98;54
20;60
42;96
21;8
50;36
84;59
62;47
60;77
72;25
37;72
82;37
25;9
96;72
91;16
26;50
4;72
81;61
80;100
100;2
3;32
6;14
7;57
100;82
85;90
12;7
7;64
53;16
71;93
19;84
74;27
63;75
95;53
63;95
85;27
47;20
52;99
13;35
8;11
38;21
5;37
68;11
38;10
1;58
11;11
62;5
94;91
8;8
32;100
46;23
31;45
94;76
69;10
74;85
44;54
44;95
52;70
80;81
75;81
32;1
10;47
68;100
27;53
67;81
54;53
48;59
57;44
43;40
35;44
81;87
18;82
42;99
36;43
79;80
21;33
19;68
84;41
70;90
15;70
34;96
53;27
6;40
55;25
57;92
90;32
36;58
77;37
1;10
53;23
73;4
5;61
22;65
90;6
64;93
10;53
69;88
22;86
82;93
76;46
90;39
92;84
40;55
43;30
64;54
69;25
43;64
7;16
91;5
39;44
42;18
40;49
96;77
20;74
77;38
66;34
13;32
20;84
31;22
2;7
50;31
62;54
37;73
50;14
63;81
25;96
26;77
57;26
68;30
97;73
16;28
1;14
26;78
37;61
36;19
40;35
42;39
4;8
76;42
35;83
91;31
18;21
17;76
58;32
39;14
93;50
45;64
92;36
14;28
44;4
73;43
47;51
37;62
3;68
98;82
2;16
97;15
46;63
68;57
19;83
74;92
38;39
55;81
76;66
29;83
40;19
52;61
57;13
48;32
79;78
60;15
91;77
96;89
100;52
1;95
96;23
79;32
79;71
70;35
3;27
47;68
91;2
78;22
96;58
50;18
22;98
11;90
11;46
71;64
36;11
82;69
95;62
86;64
57;70
79;80
78;75
50;85
6;75
66;68
31;35
11;38
94;30
79;74
31;66
10;23
49;10
5;75
11;47
97;97
85;46
19;58
5;27
32;90
67;52
37;61
61;25
10;10
95;22
48;53
20;30
23;37
7;40
21;58
98;84
4;7
16;20
94;8
90;56
28;97
45;21
57;30
37;75
22;6
65;16
33;20
62;12
88;97
82;6
14;4
44;31
36;10
20;70
77;79
17;61
36;64
55;57
89;57
59;37
66;55
79;42
64;1
92;87
59;7
67;54
87;85
13;64
37;36
78;54
42;48
56;73
15;69
2;25
62;95
17;36
64;36
91;62
16;57
13;71
31;35
47;19
91;15
9;85
69;4
59;72
62;55
86;83
48;52
27;68
41;53
68;86
93;85
47;70
9;43
61;75
37;92
41;5
45;87
74;78
58;27
98;48
78;59
77;71
17;18
29;47
67;80
31;15
12;69
17;3
17;69
1;19
31;9
65;59
7;59
62;45
46;56
57;8
62;7
81;64
6;86
31;86
43;74
99;72
53;82
92;5
90;75
48;78
49;73
78;40
27;96
44;73
25;37
68;27
91;12
41;23
6;83
48;90
22;94
92;38
31;47
78;73
43;6
91;52
61;71
64;44
96;73
90;64
55;26
38;29
41;44
4;95
30;100
36;99
54;86
60;5
11;85
82;24
35;34
54;85
40;1
58;3
18;42
18;6
48;24
17;93
4;1
49;2
68;72
76;49
1;100
92;54
49;48
81;14
35;58
17;35
87;74
48;80
34;82
97;15
93;46
50;83
22;59
84;63
7;37
6;27
95;12
17;57
52;57
64;37
13;52
82;33
88;2
94;34
82;23
24;7
26;99
35;77
11;49
53;4
61;54
47;4
70;85
68;43
85;60
95;74
82;89
30;79
61;42
24;91
59;28
37;67
23;14
97;29
24;68
59;55
29;66
3;33
91;97
26;17
63;98
39;85
61;18
30;61
62;66
2;12
79;69
17;72
26;34
95;68
55;43
21;35
55;72
70;3
62;58
91;33
90;78
19;78
57;3
7;21
12;19
43;95
61;98
91;51
11;64
94;91
38;2
74;100
39;78
46;8
33;13
94;29
29;34
47;58
43;23
88;81
95;65
62;51
56;52
85;17
58;7
49;20
17;9
7;95
61;71
68;60
42;1
47;32
27;15
50;65
52;53
22;38
44;46
77;78
41;93
61;76
18;78
16;69
57;41
10;40
45;82
60;84
31;95
69;58
46;14
58;7
98;95
90;35
79;64
89;87
76;17
4;99
18;44
52;57
55;3
30;69
90;18
20;51
43;80
69;16
57;57
51;16
16;60
19;63
77;96
58;19
98;82
84;88
20;17
51;60
63;75
90;11
89;33
14;79
26;59
78;36
25;23
18;12
20;8
1;52
74;54
26;86
29;11
20;47
27;4
73;15
52;85
94;37
29;77
66;62
6;89
39;21
89;21
4;21
70;8
68;94
15;33
82;47
84;92
5;2
26;9
2;6
30;11
73;65
64;100
6;77
64;51
48;48
21;95
20;54
46;39
8;37
69;83
29;13
24;48
85;65
31;38
74;19
1;98
55;37
10;65
26;99
42;58
37;20
22;7
97;54
4;49
22;97
35;56
84;96
68;62
56;58
45;20
79;8
75;99
89;76
93;68
22;28
53;38
55;93
73;23
45;92
97;28
66;2
51;70
12;20
99;14
16;11
37;5
90;18
13;90
93;72
26;36
35;67
36;21
3;38
86;99
9;93
93;42
4;89
14;28
3;89
3;59
3;63
51;22
48;2
56;26
64;88
68;44
100;60
18;99
88;59
25;24
68;10
88;74
69;3
93;23
95;44
73;46
71;32
69;49
80;64
64;48
66;79
21;26
2;24
8;19
55;80
44;3
84;70
80;71
34;46
33;38
68;25
61;14
26;21
24;15
78;73
22;84
96;5
52;22
35;34
42;37
8;64
73;41
61;25
91;39
15;55
30;37
77;32
11;92
5;17
97;61
71;45
23;21
82;19
63;59
9;100
23;78
63;21
79;4
39;43
70;36
80;99
81;44
5;56
87;79
63;97
29;84
87;43
49;8
95;46
42;42
75;56
30;71
84;96
51;78
34;73
11;21
68;83
21;99
91;47
23;9
53;50
35;34
16;62
42;2
28;69
50;61
98;31
34;50
89;97
92;84
91;15
70;52
4;5
83;25
8;47
44;11
70;82
20;38
29;8
12;11
43;77
87;29
52;47
82;51
74;78
58;89
36;66
40;24
22;26
57;68
33;87
100;67
76;90
56;28
64;67
12;40
41;43
25;27
15;59
7;14
53;2
92;49
14;4
9;22
62;99
94;57
23;85
10;66
42;64
28;41
34;48
44;83
28;97
32;67
33;76
17;14
79;82
21;78
6;47
43;37
7;77
9;42
55;12
59;59
92;100
21;42
61;20
74;75
71;27
94;33
59;38
77;57
42;65
95;66
7;84
71;95
50;88
74;29
1;10
59;34
12;12
13;9
20;88
24;45
25;7
84;45
77;53
78;80
37;21
7;8
22;92
61;57
98;4
73;48
34;73
14;26
21;39
24;97
36;24
69;86
48;78
43;80
40;63
88;56
84;43
53;25
100;87
14;57
9;80
76;84
80;52
13;97
22;88
77;25
88;8
84;56
51;80
69;38
81;42
7;68
77;49
13;77
78;52
38;77
6;38
11;2
31;18
12;37
89;29
81;18
58;10
10;36
84;94
12;59
18;62
97;100
50;20
17;43
55;95
14;3
7;14
71;11
27;17
99;100
56;49
51;31
52;31
58;46
58;59
19;82
82;51
43;13
33;10
35;67
7;56
40;54
49;28
40;77
52;41
2;97
27;9
61;18
40;76
17;43
82;27
56;44
26;95
28;12
20;70
86;66
67;72
13;32
32;1
73;69
95;53
44;52
37;46
29;31
44;57
85;80
1;54
91;85
26;48
28;11
32;83
13;76
44;69
99;77
22;22
32;64
47;39
95;85
6;52
65;91
42;57
10;67
36;8
17;49
69;57
50;44
82;62
60;41
58;39
29;79
24;86
58;37
13;98
39;71
95;77
20;20
29;60
73;96
55;3
14;43
66;72
95;70
99;22
45;34
42;52
74;81
76;19
94;68
12;25
11;61
20;54
32;78
20;83
50;27
67;70
62;95
86;41
30;49
26;100
55;53
66;69
71;77
74;84
26;90
47;23
37;82
65;2
8;86
1;19
83;84
34;81
55;95
80;2
38;89
93;57
91;31
85;66
46;51
74;26
24;37
28;86
48;73
30;17
65;1
32;90
97;45
54;62
80;95
71;4
13;32
54;19
23;85
23;11
24;80
37;92
44;70
74;35
1;41
25;95
35;29
34;16
82;72
48;8
45;77
57;32
49;36
20;3
4;26
8;7
77;88
32;45
35;72
29;4
42;12
87;74
52;41
91;89
33;17
84;49
83;62
34;21
69;95
76;45
78;19
10;93
23;8
4;19
26;30
27;15
37;28
13;25
79;50
52;27
77;94
70;66
32;45
95;55
22;86
49;78
11;87
53;51
85;2
18;1
91;99
58;97
51;23
72;38
26;9
95;43
28;72
58;66
11;28
68;13
60;95
1;55
95;93
77;94
59;53
89;19
46;38
4;7
14;37
48;100
58;98
9;87
74;52
74;82
92;19
94;94
7;67
100;15
77;7
95;86
18;20
44;64
40;10
34;8
91;85
37;73
15;66
45;4
54;34
83;28
5;41
49;14
42;48
50;100
6;91
25;67
51;22
2;76
90;87
34;18
8;49
60;61
47;59
21;33
38;45
59;23
79;78
27;70
85;67
54;53
75;49
93;35
33;75
23;77
9;51
31;20
63;92
72;22
61;92
91;86
48;94
100;83
53;10
19;1
36;91
39;8
40;33
70;7
30;23
28;53
25;89
97;28
3;92
75;26
72;45
46;36
43;89
50;34
29;10
82;82
50;25
29;76
43;94
63;83
70;42
93;7
69;28
69;99
50;93
84;96
65;17
65;63
15;12
27;36
85;96
27;34
55;67
5;47
72;79
79;77
7;11
85;33
27;64
61;88
60;70
2;40
80;30
19;42
14;19
26;23
4;94
16;25
29;26
73;33
59;96
28;45
33;4
18;23
85;86
34;9
17;16
89;56
79;79
68;83
47;79
22;40
34;100
89;56
26;89
77;21
29;41
18;35
61;87
22;33
25;41
25;25
14;49
98;97
92;59
50;92
11;96
80;9
71;30
56;39
36;64
53;30
30;85
34;84
81;60
91;7
27;58
39;26
31;97
33;51
34;14
72;57
68;14
35;83
38;7
24;25
71;52
91;94
83;54
55;16
33;81
96;55
70;38
85;18
79;88
68;100
35;31
67;74
22;94
1;71
96;92
48;44
64;60
15;66
63;13
77;29
45;35
54;93
62;8
98;70
35;9
99;17
89;43
20;14
60;48
77;7
9;4
78;98
95;81
25;27
83;56
44;99
19;41
90;17
57;74
20;4
26;11
7;46
95;3
60;73
42;9
65;86
10;8
80;58
65;72
91;82
71;53
4;29
2;12
21;2
22;89
24;43
67;37
67;62
90;14
41;62
33;23
3;53
83;74
39;92
47;15
81;15
73;67
30;94
50;18
77;30
62;1
98;16
60;86
92;95
52;37
90;40
20;55
64;17
55;16
12;90
78;41
35;28
61;65
42;62
28;27
75;88
25;50
51;99
39;33
53;50
75;62
28;43
29;31
57;35
32;28
95;72
99;91
43;56
55;59
38;12
22;2
84;36
57;93
37;25
61;72
9;23
10;97
90;10
78;90
80;81
3;49
19;38
43;11
35;7
44;57
2;16
24;19
88;45
15;33
26;28
50;4
90;50
24;45
97;54
30;94
29;32
97;63
23;77
17;80
94;86
97;74
52;17
21;97
55;35
63;90
79;11
35;1
72;26
65;65
54;53
93;82
86;67
6;41
47;10
98;36
59;6
30;6
89;28
82;91
79;59
13;42
62;11
65;72
89;42
67;45
19;37
48;19
27;54
36;71
43;37
40;58
49;80
9;26
69;64
68;78
27;22
14;87
49;35
51;31
69;13
15;86
45;79
78;86
84;91
60;51
14;38
32;27
9;29
27;87
19;64
41;43
37;94
43;14
43;18
95;44
40;51
95;5
64;60
46;26
12;1
73;88
99;38
74;18
24;50
94;66
58;50
3;45
23;25
91;66
20;79
81;66
78;60
45;53
43;26
21;78
68;100
5;40
91;26
54;52
84;30
25;44
89;38
59;56
23;83
20;36
75;42
47;48
79;89
26;41
15;23
50;53
48;39
15;1
61;69
8;5
30;56
21;41
81;77
61;41
64;45
23;73
28;49
21;46
62;63
77;43
18;99
33;43
43;13
94;98
31;28
56;48
27;11
75;61
76;98
30;72
6;67
89;75
16;28
56;31
23;16
84;26
10;96
93;2
86;98
31;73
13;80
7;63
39;11
62;37
62;25
48;39
15;15
10;5
98;60
6;23
51;15
48;14
95;81
28;11
71;71
86;52
22;72
100;1
81;78
86;20
89;88
68;26
62;36
85;91
48;77
20;70
25;89
57;7
27;49
67;82
41;1
30;17
26;17
62;56
6;78
66;44
35;80
40;39
72;27
23;41
53;37
45;52
17;24
19;1
78;76
89;99
90;46
3;39
86;14
21;26
61;33
62;19
80;26
66;66
93;46
89;69
43;75
65;43
24;7
80;78
34;26
77;66
9;86
75;44
57;41
18;34
24;67
88;80
94;8
47;28
35;5
86;15
85;20
65;85
37;81
55;68
72;16
15;46
78;94
66;60
84;81
61;3
70;69
84;71
55;61
35;88
53;100
63;20
28;96
46;46
34;51
57;8
39;89
36;4
75;25
60;43
61;19
29;2
94;12
21;52
13;49
29;56
30;36
11;40
86;1
50;33
99;71
55;20
97;70
25;98
85;98
59;80
41;50
18;84
57;78
99;17
77;75
36;34
75;24
36;53
86;24
86;76
94;22
87;29
3;52
82;60
6;74
52;12
78;99
42;55
69;31
30;52
35;30
75;73
72;62
99;38
15;12
80;29
40;61
92;80
53;5
4;65
99;30
16;65
26;11
71;84
13;78
55;55
49;11
92;97
82;72
69;11
78;71
58;69
91;97
55;48
21;40
59;64
69;32
3;50
50;10
89;47
3;43
84;34
28;8
73;45
45;13
51;4
41;24
4;53
78;40
44;23
41;29
65;12
74;83
59;62
66;74
7;63
4;92
79;32
66;73
19;69
64;32
50;73
28;5
86;23
53;21
20;71
12;48
28;71
82;70
80;78
57;33
25;32
81;29
57;59
91;57
77;47
89;67
16;26
30;13
66;67
64;19
73;25
48;20
78;62
4;28
52;8
61;89
55;70
85;67
44;13
58;44
12;52
80;62
28;74
86;18
18;86
21;34
84;18
37;60
17;38
72;70
98;73
55;19
3;42
78;43
55;85
51;39
14;22
54;36
59;98
98;89
24;75
60;28
59;58
84;97
72;25
99;82
58;38
43;93
72;94
66;17
63;10
61;89
22;17
7;46
91;40
53;8
55;66
10;99
21;99
39;80
79;77
46;9
16;45
71;97
10;65
32;24
93;70
84;15
66;57
84;63
94;77
28;58
89;23
5;29
10;12
92;99
3;12
46;82
27;45
9;56
90;74
61;14
23;8
45;29
2;36
15;1
12;25
97;91
76;19
2;63
49;42
64;34
55;77
32;63
56;88
38;24
94;64
32;20
29;44
80;24
86;3
38;53
39;1
86;23
10;92
50;58
12;65
35;96
38;9
88;22
1;83
100;7
5;33
74;24
55;9
58;61
79;25
30;95
40;100
5;23
45;39
9;88
95;85
48;88
42;9
1;68
77;60
91;21
24;88
34;67
38;79
98;56
26;22
20;77
55;95
80;88
33;73
7;46
89;79
62;94
36;88
82;42
8;47
41;30
70;62
68;11
97;29
89;3
65;50
73;99
86;18
47;42
67;63
93;67
46;98
76;34
2;70
86;77
8;39
50;44
32;70
69;81
42;63
74;70
22;88
95;75
98;24
14;76
33;2
94;17
41;35
94;97
77;12
63;62
54;4
82;24
31;43
79;74
70;95
37;67
89;59
17;54
49;54
94;6
67;69
14;69
76;20
92;81
11;88
81;6
47;90
80;51
2;39
94;77
79;25
64;24
29;6
59;12
70;10
99;90
73;32
48;90
5;33
99;30
15;73
70;77
52;82
100;68
1;88
21;5
25;30
50;44
33;78
14;51
35;84
37;20
87;7
5;18
72;26
62;46
8;3
1;19
41;91
81;40
33;68
80;56
70;57
81;11
79;48
76;62
67;5
84;20
30;5
31;62
34;76
52;35
17;46
91;57
3;76
8;47
42;83
24;51
13;91
87;78
49;99
75;58
80;54
19;80
63;7
83;63
43;60
64;9
72;96
91;61
48;24
58;32
95;43
62;25
36;75
79;20
32;20
5;45
54;65
18;3
90;57
22;41
56;95
33;82
1;16
77;66
94;91
23;47
20;48
49;43
52;33
33;55
18;4
38;78
48;34
69;72
12;19
50;88
56;25
92;90
26;54
30;69
73;47
54;43
95;9
87;56
43;82
55;75
8;59
65;1
69;45
55;22
79;4
88;68
6;12
56;54
94;57
34;51
72;73
13;91
70;48
68;8
93;91
43;35
98;53
88;73
28;88
66;26
97;53
61;50
73;90
42;85
6;8
22;18
70;26
97;38
40;81
62;95
8;19
49;62
17;94
23;5
57;94
29;58
93;74
91;91
89;78
6;41
97;96
20;40
68;32
49;14
9;90
88;40
24;10
80;47
5;18
23;91
57;63
80;65
6;32
10;31
3;74
56;60
54;10
72;23
70;100
19;29
5;69
37;92
87;49
61;99
1;49
76;9
17;53
11;55
65;67
94;78
47;26
54;17
59;64
5;64
99;14
20;20
3;17
93;66
92;15
4;53
56;35
73;24
20;81
76;42
95;31
24;59
31;3
16;98
64;80
80;63
12;36
52;72
16;63
6;66
80;12
78;82
90;90
52;53
67;57
52;85
63;64
23;75
59;39
53;52
1;42
34;36
90;59
26;87
15;89
82;4
15;36
37;47
91;87
70;24
11;51
64;100
77;90
72;68
99;11
100;12
65;76
29;75
15;70
95;92
52;28
4;56
94;56
76;89
7;42
77;8
12;22
47;50
82;40
96;43
51;84
17;27
56;59
78;36
9;9
36;35
95;69
71;59
83;12
15;59
54;21
71;69
63;29
6;57
70;84
10;65
31;9
78;11
42;42
71;55
78;96
55;68
25;2
46;56
86;33
13;23
54;66
4;68
95;71
95;75
96;71
43;89
87;68
69;93
91;18
9;12
23;50
97;40
90;19
81;60
100;65
61;29
75;4
49;84
68;25
15;62
71;58
24;24
27;21
85;27
78;24
38;50
65;91
25;8
12;59
66;10
61;10
19;71
92;61
59;49
73;66
34;95
39;80
84;61
58;51
94;87
30;68
14;2
84;4
98;39
79;49
22;98
98;92
63;14
64;26
99;8
26;97
42;19
60;28
20;78
9;15
19;72
15;3
95;96
59;86
9;81
68;96
64;76
51;1
87;22
44;77
59;16
94;29
38;57
93;29
3;41
15;43
86;82
57;20
29;56
42;42
18;2
31;21
1;58
55;3
42;33
84;55
3;22
94;86
48;42
81;81
19;17
82;55
93;34
67;33
80;19
1;8
20;17
38;37
30;96
21;89
94;24
82;28
27;11
22;50
69;50
55;72
53;71
85;83
12;79
78;47
54;18
25;77
17;28
32;52
86;65
21;11
86;99
62;37
89;84
40;74
58;6
98;10
27;57
8;49
69;34
23;92
94;77
38;58
8;19
93;62
21;51
39;61
24;14
57;80
14;93
41;31
71;27
13;32
36;50
9;18
89;56
32;26
2;93
100;63
16;62
70;83
7;49
21;80
60;27
29;46
90;35
20;8
84;29
48;56
5;22
22;85
40;52
43;68
13;16
69;39
40;18
80;90
56;61
49;95
10;39
40;92
30;44
12;22
86;36
64;62
97;63
24;34
5;97
96;43
32;62
97;30
36;99
92;55
88;83
20;88
35;11
13;23
10;87
91;86
17;68
68;37
53;56
33;85
52;62
33;45
9;12
94;10
5;63
34;69
71;44
42;60
44;72
75;60
23;32
5;70
9;33
30;99
29;91
45;75
10;25
53;97
57;86
95;68
53;23
34;8
59;17
91;61
66;63
42;48
11;44
29;54
88;35
84;78
70;33
98;51
94;7
87;53
3;91
9;77
58;79
93;46
19;81
34;23
9;12
44;4
38;93
75;18
65;13
16;43
3;100
86;29
15;29
26;74
52;9
70;91
13;97
23;97
29;1
59;6
6;8
15;69
85;38
58;11
98;25
68;44
78;21
88;22
91;86
77;30
100;90
39;85
40;18
7;67
57;71
39;63
88;65
12;78
11;4
78;60
32;63
81;23
21;69
38;88
67;1
69;48
23;41
90;47
11;100
11;92
67;53
23;83
84;24
51;11
84;84
81;88
9;12
7;38
12;24
42;55
84;90
11;13
81;66
95;72
20;7
28;51
89;89
41;31
66;46
14;70
9;61
23;1
66;69
17;95
31;13
86;16
68;34
29;89
19;34
27;13
10;6
60;72
23;26
36;30
59;36
14;82
57;20
76;37
51;59
69;77
63;6
17;19
33;86
2;47
50;89
46;86
45;85
38;81
51;68
99;95
13;77
85;3
100;1
21;33
12;7
26;48
97;66
77;66
73;72
28;60
56;56
45;92
79;6
16;96
12;50
18;35
73;24
80;64
97;53
50;72
27;65
48;41
8;79
53;87
34;50
85;27
68;36
60;59
53;1
77;99
26;6
72;98
60;66
10;95
85;21
94;40
35;5
21;11
47;63
66;50
67;55
9;94
4;81
34;43
78;31
91;20
74;53
80;40
32;30
2;70
12;31
44;15
69;69
20;39
18;63
48;87
36;61
33;88
8;64
94;70
83;98
53;13
34;7
41;89
6;40
55;1
69;87
12;17
33;45
11;100
51;88
96;27
85;86
59;43
84;42
38;73
91;83
52;58
8;77
25;93
8;98
48;83
88;60
38;98
77;44
45;97
48;81
28;7
31;52
22;31
45;50
62;92
95;76
68;80
96;93
85;13
32;57
28;21
12;43
25;92
3;80
16;4
71;86
3;72
60;35
23;24
62;86
70;5
64;78
48;31
33;68
22;12
45;43
64;100
74;44
54;86
60;56
55;89
87;72
28;78
71;49
75;44
28;31
48;73
11;15
44;8
79;13
24;77
60;15
65;23
45;40
63;68
95;72
52;20
90;94
43;87
1;35
66;66
69;31
92;56
69;89
8;55
23;73
62;89
87;43
35;45
95;28
33;48
34;25
98;66
78;70
8;38
29;8
47;50
32;69
5;74
47;34
79;94
82;29
13;68
32;95
16;86
65;10
2;63
42;55
37;55
86;94
6;70
22;31
14;7
89;86
90;38
18;34
48;66
22;33
55;67
88;20
61;10
50;20
60;41
40;57
8;20
63;98
78;37
18;64
85;66
36;54
25;86
23;2
49;93
24;78
95;48
82;66
27;64
90;43
91;95
29;92
1;18
31;81
46;19
80;37
78;54
45;79
67;29
5;43
66;8
18;42
47;35
42;26
43;7
98;4
52;82
87;96
16;95
57;84
16;72
21;98
22;5
75;42
51;73
98;83
44;18
90;39
100;3
96;44
6;73
29;68
2;23
62;47
95;17
44;58
27;81
29;49
61;77
5;10
5;82
73;94
67;54
4;12
56;96
37;23
97;78
28;69
77;66
14;56
1;29
58;48
87;97
15;24
100;76
51;12
52;29
81;69
55;25
97;82
29;46
95;44
1;25
54;8
85;45
99;65
90;17
75;94
81;35
39;15
50;8
78;32
53;41
57;64
46;89
82;84
14;2
31;76
48;96
5;97
23;57
75;82
11;15
58;64
5;39
31;44
57;18
5;44
46;62
58;30
100;56
8;83
69;19
20;4
92;82
57;94
11;58
65;29
86;43
28;9
39;70
77;18
18;38
7;57
6;73
6;3
15;47
51;97
41;83
13;88
39;91
72;93
60;95
27;46
40;72
21;55
38;6
87;60
77;83
88;5
4;18
45;76
75;29
30;10
74;66
82;39
82;21
49;54
44;12
39;41
35;97
86;47
58;24
80;82
52;76
99;98
92;74
97;16
78;14
43;35
42;11
71;44
8;94
11;15
66;72
69;40
39;62
81;73
48;4
55;64
45;37
98;46
18;72
56;60
88;74
44;88
52;90
62;4
79;26
99;42
3;77
73;97
25;91
49;53
70;41
22;98
26;72
75;71
100;62
65;1
91;12
58;49
10;72
82;45
12;60
54;22
76;32
100;90
91;87
42;89
88;49
98;23
45;86
1;65
91;1
70;3
72;41
47;34
30;74
13;33
50;6
5;90
39;71
8;18
62;36
69;20
91;52
90;16
1;18
79;71
17;82
2;91
11;51
77;71
42;78
91;6
83;66
96;90
69;39
86;85
36;57
35;41
96;21
100;35
16;7
10;14
45;8
54;22
46;54
98;10
71;10
44;100
11;39
78;67
1;68
93;77
37;82
18;72
56;94
64;20
98;94
48;80
94;89
73;35
26;98
43;7
43;13
83;64
23;21
82;29
27;60
65;84
50;62
27;79
70;84
57;58
30;18
10;46
26;90
77;86
75;93
55;37
26;35
25;5
70;34
86;21
47;24
1;52
98;85
51;90
96;93
67;87
91;16
58;64
13;90
72;66
22;33
20;24
98;45
4;50
79;51
55;95
26;63
62;40
64;82
11;88
17;75
6;65
20;70
3;26
54;84
99;33
66;36
71;71
4;9
73;5
46;35
83;89
23;85
43;55
56;22
36;17
76;76
6;4
26;6
29;56
37;26
99;50
54;63
35;88
17;44
37;34
28;59
52;6
66;53
32;42
27;57
16;44
30;57
95;58
65;81
54;80
71;75
35;30
47;29
88;48
60;44
43;64
93;48
89;47
49;42
25;2
56;22
56;1
43;99
75;49
46;3
67;51
84;58
40;1
15;49
49;2
79;65
20;73
66;19
48;31
56;45
40;75
89;18
95;8
48;94
22;6
58;6
2;18
97;100
72;1
93;14
42;26
66;84
99;17
10;65
25;72
46;20
8;65
39;60
50;57
65;51
65;2
23;47
25;61
44;31
5;26
29;50
1;87
19;47
8;4
91;29
8;8
67;87
42;26
32;22
58;1
25;5
75;100
86;4
87;52
86;33
2;61
50;86
64;5
38;66
36;63
75;46
36;41
12;28
72;56
84;16
62;10
31;68
89;63
6;90
12;61
87;46
30;4
18;47
48;65
23;77
55;55
99;42
14;35
59;20
93;70
30;16
80;51
68;2
75;94
62;30
10;49
30;89
61;62
23;25
52;73
78;21
62;100
3;36
5;46
78;7
9;33
54;50
7;10
80;27
91;98
87;65
39;26
40;22
76;73
83;2
88;48
37;89
95;36
30;67
94;99
7;7
84;46
56;40
35;48
81;87
30;52
18;71
58;70
95;26
66;45
35;81
62;30
91;93
7;97
49;26
4;89
44;51
35;71
54;23
100;72
44;91
37;64
45;58
41;69
27;4
7;91
88;52
61;60
73;40
37;21
2;69
47;48
32;16
1;46
57;28
64;75
71;92
68;74
25;56
43;55
82;3
41;63
27;9
44;44
6;38
75;32
49;50
92;29
47;11
45;19
75;81
60;83
9;78
49;88
47;35
73;47
60;19
13;55
89;5
6;57
61;73
99;74
97;8
70;26
79;87
62;65
24;55
15;39
8;41
19;47
99;31
7;8
16;22
97;22
72;26
60;5
52;100
34;43
6;50
69;36
43;85
54;57
31;12
95;49
41;49
26;82
27;32
17;20
11;5
77;54
29;66
68;81
100;20
80;32
62;36
14;66
40;2
85;22
99;2
14;6
69;82
23;28
29;98
15;39
36;96
95;32
40;16
93;43
11;20
5;12
12;3
90;7
71;83
6;76
75;82
45;66
48;74
39;57
25;64
84;99
71;59
12;12
21;39
50;20
48;17
11;48
89;41
63;17
38;71
31;30
11;92
66;20
78;44
89;84
16;44
51;18
97;9
87;100
74;21
41;38
73;36
70;46
24;92
89;98
34;29
20;92
40;73
90;57
82;19
28;18
78;28
6;45
33;58
89;13
66;54
16;90
62;35
7;86
20;20
3;99
73;30
73;85
91;62
67;57
9;54
92;87
90;88
5;25
18;16
37;22
32;56
2;22
85;62
72;27
76;76
42;43
43;79
86;68
41;87
19;92
11;11
50;34
33;54
66;9
51;53
33;83
95;39
99;41
55;95
29;93
40;87
37;100
94;24
6;68
12;26
33;100
9;16
49;35
17;55
22;48
91;86
1;96
13;51
96;99
19;28
41;19
68;67
25;99
35;62
23;96
74;61
15;61
7;80
80;98
62;86
35;17
62;13
90;84
37;2
50;61
57;75
49;14
77;13
4;36
97;44
10;47
81;72
28;44
49;53
33;12
75;86
15;1
11;45
61;9
18;60
15;43
17;97
57;67
32;96
91;79
13;23
63;70
64;32
16;75
62;35
53;82
36;17
18;7
8;39
11;23
83;18
21;23
13;12
24;92
95;63
23;23
24;3
5;49
46;71
97;96
71;45
58;40
90;35
46;91
56;50
14;61
59;42
36;63
52;81
98;41
79;32
62;83
60;2
9;27
38;88
94;42
87;90
70;93
44;95
88;58
58;67
1;61
17;97
72;71
42;2
4;85
28;39
88;39
13;7
47;56
86;88
37;88
12;40
81;94
48;2
11;72
26;69
44;69
36;14
24;18
32;80
28;30
61;60
81;64
49;31
26;32
3;76
75;81
96;42
9;100
18;98
94;54
94;94
88;97
11;22
94;19
16;6
56;80
90;18
77;71
75;73
3;57
64;29
33;17
87;10
49;25
22;84
80;37
70;65
69;11
94;56
42;4
95;51
81;73
92;99
59;25
74;90
80;56
62;74
80;37
97;16
94;76
76;48
34;96
99;12
86;73
24;58
81;64
60;15
72;47
21;17
70;64
19;71
62;21
93;13
26;44
20;18
70;95
83;78
67;8
71;94
86;82
5;92
19;65
7;7
46;36
31;2
28;54
35;68
82;50
6;99
20;88
47;60
2;50
59;12
7;48
53;92
65;44
30;8
9;92
9;79
75;72
53;69
94;35
68;32
50;67
29;63
98;35
72;1
90;14
34;78
51;99
89;76
87;40
25;3
63;18
65;49
84;61
39;4
99;74
68;79
37;1
49;79
37;73
92;38
96;70
5;40
83;86
70;35
45;47
70;51
61;27
27;40
72;34
67;94
32;95
14;89
30;19
13;41
76;48
62;84
4;100
66;83
26;35
30;43
46;42
26;94
64;34
3;63
49;67
31;23
41;42
79;99
8;49
87;5
28;33
21;99
11;54
88;25
24;70
79;86
53;98
79;28
56;84
44;70
46;17
8;7
37;67
59;49
87;44
45;18
37;65
22;13
88;94
41;21
3;20
41;30
74;95
46;95
72;19
3;36
76;1
35;93
28;11
57;64
93;3
42;78
66;16
28;3
59;71
69;45
5;2
93;93
81;10
95;69
13;58
51;96
22;73
50;21
8;51
68;52
39;9
16;55
23;93
61;67
22;18
64;65
22;60
99;23
67;35
88;27
88;12
75;64
83;14
25;72
3;24
54;30
63;21
76;76
57;36
80;92
83;61
26;10
23;23
50;28
89;56
32;98
75;44
59;98
95;84
48;59
70;14
50;56
42;35
83;6
67;94
2;44
41;43
25;54
62;13
45;22
19;60
5;22
17;74
44;92
99;49
47;10
9;37
24;44
45;21
52;44
40;79
83;33
54;99
96;43
60;92
78;93
82;74
15;73
9;35
32;85
96;55
99;83
27;56
37;93
81;76
1;99
61;54
41;30
18;61
45;90
1;21
78;7
98;25
18;100
9;45
14;20
29;10
90;27
12;89
85;18
22;86
49;91
31;91
82;2
3;14
20;100
18;2
10;33
84;48
60;76
5;99
29;26
5;28
99;55
23;89
34;99
50;76
89;1
70;50
15;52
23;85
42;50
84;66
75;4
43;26
64;13
35;1
54;40
14;41
33;62
7;1
37;100
45;99
8;70
60;46
55;23
7;33
80;43
58;58
47;96
77;20
37;45
11;67
8;7
90;64
63;13
28;31
5;30
3;16
76;14
56;24
31;67
75;21
47;56
81;29
13;60
3;78
62;13
7;22
50;36
65;90
71;88
15;99
75;44
35;29
40;55
32;63
62;32
50;38
29;94
92;13
75;56
10;75
28;100
92;41
14;6
80;32
9;9
52;33
40;52
22;51
16;42
19;22
67;12
7;44
47;32
5;68
93;1
44;17
42;33
44;79
88;34
50;65
27;64
2;25
39;51
33;56
71;46
25;68
19;32
51;75
93;2
10;35
51;47
12;47
29;7
14;19
8;62
57;76
97;92
99;30
72;92
54;85
25;64
69;92
66;4
58;44
97;6
91;58
93;51
14;35
92;67
42;9
24;76
91;69
30;98
80;40
86;40
39;40
75;40
95;50
92;32
59;66
41;13
23;4
10;68
96;62
78;36
12;72
26;58
68;14
75;45
76;88
62;88
85;58
21;46
83;47
65;1
16;69
50;73
82;83
87;97
9;16
24;93
50;20
35;25
22;79
25;87
30;73
63;59
51;43
13;6
97;79
31;45
18;59
13;41
8;23
96;53
23;5
31;12
43;5
42;66
47;55
93;39
74;95
14;10
89;70
78;68
23;24
21;63
90;15
1;4
54;85
11;71
81;23
30;61
31;53
4;99
26;96
34;97
37;35
71;34
64;38
22;96
42;38
96;62
63;57
93;92
26;5
48;79
89;49
24;92
99;30
100;97
21;1
2;61
38;47
16;40
36;18
98;21
54;13
62;24
38;90
61;12
77;39
51;80
93;23
17;32
67;14
85;44
86;84
25;30
71;100
8;91
15;56
51;58
80;67
62;66
80;78
13;77
8;70
79;37
100;92
57;9
61;33
19;65
14;90
19;15
15;93
3;77
70;78
97;94
14;29
54;37
6;60
26;49
42;88
32;37
90;58
23;47
29;22
14;81
32;10
87;18
77;90
57;77
9;21
27;60
89;35
22;23
57;46
84;64
38;91
26;32
64;79
65;25
57;2
57;26
86;62
7;16
6;4
9;98
74;43
34;59
26;6
1;12
35;14
35;42
57;54
81;50
21;77
22;17
65;72
63;58
48;99
35;80
34;84
65;14
92;41
71;80
19;75
38;79
38;33
49;2
49;26
96;77
69;61
47;95
78;66
88;67
98;38
15;11
25;23
42;11
85;71
86;82
86;24
26;48
61;69
55;17
44;51
95;75
54;45
63;31
74;63
100;39
91;41
24;86
90;74
69;38
69;54
87;59
15;33
58;100
14;86
74;5
48;95
30;34
10;26
68;24
49;7
73;74
59;84
27;24
21;79
28;99
40;38
25;58
30;37
6;77
39;9
13;73
49;26
64;63
16;41
18;37
78;73
86;63
100;44
78;77
87;4
80;1
60;75
46;17
69;77
45;72
8;11
41;72
71;62
62;43
23;60
82;68
55;19
13;8
41;2
16;1
5;16
7;37
37;94
6;57
18;85
86;78
43;3
53;27
3;17
60;85
53;48
32;41
94;86
50;50
88;42
21;84
66;57
41;8
78;65
65;26
55;26
27;30
90;53
69;81
73;93
83;4
35;87
81;68
35;11
56;96
19;48
14;49
69;18
1;36
93;83
61;35
43;72
66;100
37;31
70;33
30;100
68;6
32;75
35;100
38;2
84;75
2;88
70;3
64;72
93;71
92;31
62;89
65;97
62;62
57;24
73;69
12;78
49;57
61;53
8;95
86;86
66;40
58;58
1;70
41;88
83;37
84;64
40;37
44;22
3;100
2;73
43;73
33;31
73;20
43;52
86;52
92;23
27;38
86;13
56;97
85;87
95;94
50;8
97;93
7;87
27;70
6;9
98;96
53;31
53;63
93;78
42;8
3;85
40;82
5;64
69;13
100;15
79;10
92;22
24;76
27;3
4;51
56;67
8;20
98;83
13;28
88;24
62;4
92;47
94;62
84;99
99;50
93;90
12;71
58;76
11;86
38;11
13;45
99;55
22;76
15;11
67;93
97;27
10;33
73;98
4;55
15;11
1;37
62;50
3;63
56;13
43;43
65;77
1;52
68;73
71;48
35;21
41;66
80;34
31;27
75;4
94;91
33;45
28;24
31;86
54;45
47;51
8;64
52;58
80;97
79;44
29;39
82;90
74;82
37;12
78;84
89;66
41;16
80;23
26;72
90;68
14;36
61;88
62;82
4;63
39;90
70;10
84;89
96;94
45;59
84;84
79;20
20;24
1;38
100;15
77;18
46;34
42;8
46;79
38;59
57;92
36;45
94;43
7;68
66;58
71;67
26;12
75;27
49;41
17;2
76;40
29;91
95;39
98;4
11;62
14;33
60;30
94;8
97;20
74;65
10;93
80;94
99;62
7;81
12;43
36;88
100;47
7;16
37;20
99;67
70;64
95;60
86;89
74;95
32;8
67;10
46;20
46;55
58;29
98;4
15;17
51;72
2;66
90;27
96;73
24;90
90;42
53;36
27;75
51;90
94;35
100;80
22;96
19;90
98;28
8;20
97;20
75;88
99;70
12;20
44;52
16;42
87;9
27;8
54;85
32;72
51;27
55;67
47;8
14;16
42;32
54;75
85;67
26;59
55;63
32;23
38;76
95;92
70;97
1;89
26;14
88;97
76;48
71;76
15;17
27;9
5;38
61;83
63;83
59;23
29;63
35;46
24;73
81;42
98;76
58;15
8;1
4;78
44;83
35;90
66;41
7;70
50;47
51;45
44;12
32;26
92;77
43;61
8;81
75;48
84;8
50;58
31;68
57;84
69;68
4;67
51;7
3;50
81;20
98;74
44;94
39;93
27;92
39;23
77;48
23;49
18;3
81;61
100;67
67;9
10;73
15;65
31;46
49;64
54;19
89;83
4;6
35;72
84;64
7;81
54;45
22;82
30;14
5;98
11;11
26;92
67;43
55;22
79;62
13;26
2;75
75;15
37;83
81;29
72;77
36;64
