84;30
95;93
3;40
98;19
9;63
5;95
54;64
47;10
44;35
99;94
12;63
2;78
54;73
65;2
76;94
55;19
52;96
69;28
61;74
24;99
90;17
100;8
56;60
89;93
89;93
21;74
13;77
18;82
62;44
87;100
34;65
74;79
8;44
7;12
11;19
75;32
34;71
100;88
68;47
16;95
79;98
45;27
55;54
55;49
41;96
17;49
14;29
1;71
30;45
72;16
55;37
38;25
24;91
60;67
51;100
32;10
59;37
47;36
22;18
67;78
37;22
20;64
56;86
14;5
15;46
72;7
85;77
55;18
47;74
89;27
78;12
51;86
98;17
41;91
76;46
21;63
7;50
95;17
49;44
98;11
91;49
93;10
68;9
6;96
33;25
52;64
39;98
86;12
80;19
6;78
29;27
80;97
81;47
60;79
42;22
85;18
42;47
40;22
16;81
75;52
42;30
6;24
66;15
24;45
2;95
87;6
19;77
46;5
29;96
3;59
97;66
20;40
97;2
16;5
76;42
44;54
70;58
45;34
85;78
49;94
59;36
19;10
35;42
71;86
57;33
28;60
5;15
68;78
36;71
8;83
75;43
90;52
88;59
99;69
71;84
48;65
51;79
47;97
10;39
30;33
57;16
88;67
74;58
20;69
46;35
64;26
54;16
71;85
50;46
20;84
78;54
70;85
5;64
19;97
27;81
31;35
56;60
47;48
35;13
3;9
49;44
8;24
29;3
78;75
4;19
31;78
62;53
69;48
85;44
1;30
1;63
58;16
27;57
31;3
15;90
75;75
49;30
49;27
39;49
15;79
46;6
11;35
79;66
10;72
3;35
65;88
41;94
20;13
99;71
41;77
75;9
80;68
49;68
59;37
70;79
73;76
75;25
1;10
45;69
2;22
33;74
24;94
33;34
70;65
36;88
59;41
45;68
43;55
8;32
84;46
97;72
53;100
47;37
46;58
55;51
64;66
65;37
76;6
97;49
46;4
65;91
39;57
39;68
36;62
81;45
83;79
98;30
6;49
15;31
62;68
78;73
39;98
25;34
59;28
79;90
80;85
79;36
14;26
73;84
82;15
20;4
88;33
72;61
6;72
8;16
83;60
81;90
77;19
100;74
10;64
76;2
25;83
21;12
40;26
87;11
71;72
39;58
81;60
34;12
5;78
63;88
76;100
2;99
100;88
80;37
78;70
42;27
79;77
68;72
56;77
15;13
85;93
57;7
2;56
8;53
56;93
8;61
46;11
11;51
68;68
23;96
80;24
15;76
66;51
2;17
45;78
74;31
100;38
45;12
15;17
66;68
23;65
58;55
88;58
25;22
57;98
97;88
85;78
56;9
65;34
74;27
17;32
90;68
63;35
29;33
54;86
47;54
8;42
24;2
58;14
64;85
15;94
22;84
65;76
86;98
45;60
66;19
9;97
84;51
29;88
59;78
4;35
31;57
96;63
93;22
92;19
44;12
38;18
65;55
13;35
100;58
27;64
12;36
26;94
20;41
36;29
36;70
11;90
63;8
9;19
33;10
72;33
81;34
84;56
36;19
71;99
48;35
86;62
73;38
45;5
67;26
8;1
60;63
70;17
92;88
98;32
99;15
8;75
64;2
83;83
9;94
90;59
68;71
20;92
10;5
67;59
46;19
24;59
53;73
36;48
65;11
1;60
22;100
13;76
18;35
69;21
21;67
77;80
51;22
9;20
39;53
87;52
67;89
93;69
12;6
26;41
66;88
9;70
93;94
73;75
55;17
31;68
10;58
30;61
90;24
35;42
15;87
14;45
61;90
7;84
49;59
86;63
60;40
81;4
86;29
9;77
48;55
47;79
30;12
55;84
78;46
82;69
88;90
5;47
23;26
67;40
59;83
80;12
15;21
40;11
89;13
97;60
54;46
56;3
62;97
95;88
51;19
93;94
79;2
81;88
79;11
26;8
35;62
89;97
91;13
62;22
51;80
26;22
3;74
81;79
42;29
68;33
2;72
62;27
84;2
10;88
84;96
39;37
4;26
20;33
69;93
89;76
89;57
84;59
13;95
6;71
42;85
6;9
13;82
11;10
17;41
86;33
14;47
78;84
39;95
77;40
69;99
70;86
90;89
62;19
62;86
31;1
51;32
94;18
29;6
62;99
75;19
57;42
3;81
76;92
48;59
4;10
72;47
62;63
14;49
15;1
49;32
7;20
91;29
24;49
63;8
89;92
20;66
91;3
71;94
52;31
50;6
90;5
24;83
39;10
42;95
73;74
71;26
24;38
18;60
4;95
82;48
75;98
72;77
81;92
89;28
98;44
63;19
93;62
87;42
83;73
43;2
9;26
91;90
55;97
47;43
46;37
3;59
75;24
51;49
71;2
6;72
32;11
93;88
52;97
30;71
65;20
70;54
25;86
92;94
85;6
74;86
17;24
87;79
56;8
65;88
43;55
86;51
59;25
86;84
1;63
80;47
35;31
31;20
23;49
31;34
82;31
85;24
13;7
10;85
38;13
34;60
41;84
19;86
67;40
53;15
77;40
82;33
89;66
13;77
88;53
49;40
15;81
75;64
17;39
79;80
25;31
88;72
44;50
13;80
5;89
70;60
25;9
11;70
47;39
48;4
90;29
30;7
26;94
58;18
31;88
43;7
58;77
62;89
64;43
37;27
44;26
1;8
88;57
75;28
50;9
57;47
69;35
29;57
84;47
91;16
28;81
35;29
84;57
13;77
97;78
8;20
96;79
39;66
82;55
30;66
30;73
23;57
19;20
12;21
11;83
71;79
93;51
56;73
60;68
100;36
38;13
88;3
70;3
21;21
78;29
43;20
50;15
58;81
82;18
39;25
26;15
60;64
21;63
35;27
98;15
66;89
24;90
3;22
28;94
58;69
40;19
51;16
86;28
48;42
42;42
5;49
81;77
94;87
38;77
21;41
72;88
14;75
7;21
61;99
89;40
87;44
39;38
87;90
79;22
99;90
1;80
51;26
26;85
74;9
60;70
42;84
77;81
10;52
18;98
7;74
34;34
54;74
50;27
40;88
23;19
92;70
65;2
90;64
49;94
21;14
84;38
72;19
12;25
51;82
14;63
94;23
75;78
42;41
93;40
22;32
100;97
13;62
97;18
100;20
50;29
92;58
58;61
10;96
54;16
90;26
72;50
95;49
45;93
50;17
89;66
38;62
30;44
54;99
86;57
59;39
50;27
43;17
72;62
7;40
90;77
23;72
9;8
26;12
27;99
11;55
29;23
18;2
28;70
76;69
32;84
96;71
10;81
11;85
40;90
59;93
25;99
5;21
74;33
8;67
58;88
25;4
45;51
91;26
98;61
78;85
24;17
22;94
22;8
15;18
38;55
95;45
48;59
20;92
79;42
5;23
47;21
21;53
68;29
8;77
82;93
91;19
52;93
44;19
99;9
100;46
58;36
31;38
26;28
47;45
21;1
5;39
36;99
85;55
10;34
87;54
68;41
55;75
14;45
55;85
70;49
100;97
31;93
95;74
9;88
31;72
13;28
80;92
69;96
73;75
79;75
2;71
54;39
82;43
67;95
34;18
35;94
16;26
61;8
29;90
1;61
48;23
47;5
61;7
66;17
28;62
4;32
51;34
28;23
71;7
5;36
35;74
33;14
86;8
37;16
74;33
6;48
66;63
62;31
58;85
83;7
85;13
69;7
89;33
16;98
43;44
17;68
14;80
3;37
78;78
81;57
90;68
55;97
96;24
41;21
40;20
11;66
100;99
96;30
40;55
42;6
20;45
36;30
1;94
83;64
21;77
14;40
15;28
85;66
90;88
60;69
11;37
80;8
16;30
51;81
41;88
60;30
68;39
21;43
61;22
27;95
32;28
67;96
11;52
27;12
58;22
14;7
8;22
12;58
74;82
60;8
5;86
63;66
34;65
58;46
74;43
87;29
20;61
2;62
62;2
80;34
44;55
52;79
7;96
43;18
41;64
59;48
98;82
19;53
32;58
38;79
68;3
27;31
63;49
18;5
70;6
97;51
86;58
92;32
39;99
26;50
44;83
21;37
64;80
58;14
71;72
83;11
8;33
77;19
23;53
24;59
2;37
80;16
79;96
35;98
83;89
30;87
75;67
15;15
26;13
38;83
72;10
80;62
100;7
31;76
2;90
53;32
83;97
15;40
74;67
37;37
24;20
74;1
31;39
12;53
90;71
34;91
44;76
30;63
71;20
48;10
31;14
81;80
42;66
100;4
9;33
92;89
78;56
55;15
9;94
61;28
87;62
22;86
75;12
54;62
48;65
26;96
84;76
97;73
69;41
45;24
87;67
37;37
14;38
14;79
66;97
74;41
59;95
99;29
60;78
90;71
24;82
63;77
94;95
36;35
27;49
22;84
41;49
65;56
92;56
32;46
100;17
75;81
93;55
11;53
37;86
43;36
54;56
34;88
98;59
20;56
69;35
48;27
48;62
37;47
21;38
68;36
21;74
34;95
14;24
49;65
85;1
76;15
66;62
35;72
4;42
54;25
52;83
76;95
87;53
11;42
80;74
28;4
84;4
50;56
50;41
100;97
75;69
72;91
97;44
24;93
61;67
44;68
37;98
67;3
89;50
93;45
89;8
81;99
92;78
13;30
19;8
45;95
3;37
94;59
82;44
34;38
70;5
90;4
65;83
67;35
75;8
75;31
12;31
90;37
6;17
25;38
87;56
21;69
14;39
92;55
76;71
77;17
47;78
26;61
27;85
87;80
64;65
45;39
79;65
64;50
22;84
51;28
89;62
30;56
52;41
8;80
31;59
15;98
20;98
28;24
55;53
20;1
9;91
12;91
53;53
93;55
55;38
83;96
88;38
13;25
14;29
47;14
51;73
7;21
49;30
83;21
1;31
58;64
91;28
60;37
98;41
19;88
8;78
36;63
65;43
44;43
77;27
49;6
37;44
88;82
73;45
59;95
59;77
60;49
42;25
95;2
46;36
57;42
17;10
80;89
48;54
52;97
57;2
91;4
18;87
18;34
34;39
70;26
76;79
39;99
76;11
24;36
3;10
1;84
68;69
14;88
66;12
96;93
18;94
31;70
22;24
61;82
23;17
25;79
56;65
93;92
18;70
74;15
11;50
61;74
69;98
59;100
47;46
26;24
43;95
42;58
44;3
51;54
98;24
95;42
58;5
26;19
3;58
64;83
70;100
21;15
24;43
7;89
78;85
92;84
18;26
94;73
81;84
33;37
70;58
61;42
55;46
8;16
27;29
40;35
98;67
51;92
69;87
8;43
24;63
75;43
55;84
43;41
18;55
90;14
83;28
31;76
27;9
69;20
14;86
10;58
15;100
51;72
40;43
44;25
89;23
38;43
80;39
69;83
5;69
60;2
75;62
49;7
62;48
84;79
67;29
24;17
56;56
7;9
74;12
40;2
36;18
32;16
8;87
5;69
54;3
22;11
20;49
3;92
2;40
74;42
1;89
39;13
48;63
87;95
38;27
44;7
2;38
88;3
84;14
50;65
62;31
11;9
59;94
95;22
8;27
63;40
64;25
8;13
8;76
44;74
92;72
64;76
26;63
62;65
1;59
9;77
41;97
83;33
33;17
7;62
31;61
76;89
56;14
28;52
52;38
15;21
91;66
25;78
2;4
85;42
9;56
87;32
41;68
16;49
58;93
94;90
27;55
54;94
9;32
7;70
66;8
69;20
5;62
78;58
30;8
28;14
71;80
76;17
23;81
67;21
14;72
45;80
41;24
4;78
98;63
83;55
72;36
78;74
50;74
55;73
52;41
28;2
13;43
37;59
38;54
31;35
1;82
46;63
44;2
62;35
89;13
54;30
67;42
30;16
91;72
97;5
67;97
18;100
42;45
20;28
83;8
16;6
23;54
63;24
44;54
98;56
35;28
85;54
15;96
99;90
79;80
99;59
11;52
91;65
36;79
72;12
5;38
57;6
38;12
11;11
10;77
75;17
38;68
14;28
98;93
57;97
64;78
40;90
76;57
73;63
29;36
88;68
8;16
74;82
87;3
8;13
81;34
57;22
71;10
24;61
99;47
53;81
78;96
82;53
51;40
52;77
75;34
31;42
84;45
21;66
4;37
97;66
57;25
83;54
55;51
9;32
15;54
88;97
91;61
1;28
2;86
64;4
97;78
89;98
42;57
82;5
81;71
13;77
14;73
17;98
14;33
7;83
86;90
16;13
40;29
68;47
68;5
57;33
74;38
41;17
69;46
13;68
93;4
33;51
70;48
74;71
22;68
37;99
79;80
80;59
83;4
50;79
72;70
36;74
44;60
51;9
81;93
75;56
29;12
29;26
92;41
63;19
2;52
99;5
24;18
24;20
23;23
81;9
34;55
84;96
12;46
66;63
42;35
20;34
18;16
30;98
7;47
12;35
73;27
14;4
9;67
13;61
29;87
57;76
49;1
73;56
44;89
50;45
12;10
47;58
8;65
24;50
59;33
16;36
41;77
10;98
86;52
45;84
11;20
38;32
10;29
94;51
73;39
1;48
47;86
94;11
99;40
49;74
99;82
4;85
53;57
67;52
22;41
70;42
92;22
43;59
98;92
46;54
52;91
93;85
15;1
91;90
26;87
60;35
41;45
19;28
43;19
44;44
24;71
79;58
61;18
3;69
46;83
86;16
92;21
36;22
23;46
100;67
97;4
51;53
22;74
28;81
39;80
11;44
71;17
28;35
86;6
81;100
75;85
37;92
53;78
1;66
95;95
14;93
29;29
88;43
18;43
65;81
1;91
22;53
74;21
57;91
96;60
2;70
97;44
16;52
8;42
100;77
10;22
74;27
2;97
67;6
61;89
97;13
82;59
42;60
47;34
23;50
6;60
75;51
71;6
27;41
48;4
52;72
47;68
33;7
66;25
6;89
97;99
28;19
97;97
63;32
97;22
28;18
24;67
54;54
57;97
82;73
87;55
81;37
56;47
50;23
40;83
21;41
46;74
11;10
76;27
37;95
60;56
50;72
6;30
42;89
58;39
60;80
70;56
68;40
44;75
31;87
61;26
91;85
67;25
8;39
75;12
100;2
1;61
56;58
6;1
43;43
13;28
46;31
13;28
36;19
34;36
55;77
12;80
43;34
37;31
6;61
14;74
73;79
20;83
91;84
3;8
89;67
50;28
9;24
96;75
71;40
72;20
38;14
100;68
61;76
51;24
68;10
62;63
82;52
34;52
60;53
98;79
88;28
34;48
38;72
39;71
22;33
89;21
30;75
49;97
87;61
55;50
28;78
3;98
96;95
98;89
71;84
45;32
17;38
52;96
45;19
81;20
37;91
13;14
82;23
70;8
11;7
51;47
12;79
46;34
3;4
31;99
82;65
60;91
26;41
57;84
40;79
68;55
31;60
78;98
97;6
55;13
21;19
59;51
15;52
10;16
69;62
58;12
87;87
57;49
28;53
52;32
7;12
79;86
34;16
56;35
54;21
97;46
40;67
52;15
84;52
3;83
22;99
3;44
61;16
33;36
75;45
25;45
92;94
57;8
29;27
21;61
34;18
50;13
18;88
90;25
20;65
30;100
19;80
5;40
39;98
2;48
92;5
42;62
90;78
92;30
31;58
25;66
58;10
87;33
41;46
95;27
61;78
19;94
96;76
66;35
9;19
44;7
67;70
47;23
26;31
24;56
56;75
76;77
82;75
96;26
91;74
42;63
25;30
95;3
17;52
89;67
73;29
22;10
5;45
16;60
60;18
65;13
52;9
52;34
97;78
43;46
37;49
2;70
7;97
29;50
99;34
91;69
52;8
18;10
55;32
78;52
43;94
80;34
60;1
49;25
84;66
58;33
49;78
40;60
16;55
70;6
40;34
83;8
70;46
57;69
85;92
58;68
81;27
56;93
99;75
41;6
33;65
39;12
36;9
77;7
20;31
94;45
46;78
75;22
87;60
74;91
59;74
51;23
65;10
78;53
20;76
14;22
41;81
38;60
59;66
28;18
41;30
59;73
4;15
45;47
84;42
2;70
75;50
28;17
14;49
80;3
60;29
8;88
79;37
12;82
98;68
10;87
41;83
17;17
14;91
43;69
43;67
27;50
13;81
90;54
40;59
18;19
51;36
13;26
81;26
56;12
11;93
8;59
45;57
8;79
62;33
54;12
26;26
45;7
58;96
64;81
71;23
66;49
32;43
26;14
88;2
75;65
87;72
33;73
9;61
14;96
39;64
93;5
87;77
41;19
50;91
74;14
28;94
64;87
16;57
84;98
11;6
98;3
30;74
4;57
59;58
18;55
30;64
62;33
82;32
87;7
53;24
42;13
8;35
36;60
92;100
21;4
78;34
78;25
86;56
13;7
23;24
8;97
92;41
78;21
74;10
61;42
65;70
53;20
36;81
28;17
48;60
76;68
76;74
79;50
57;26
98;96
18;10
48;66
92;78
24;15
99;16
39;66
45;30
84;97
95;82
72;91
29;69
26;11
30;91
64;34
96;60
48;18
5;36
20;20
31;30
96;8
52;42
46;22
71;43
57;39
1;26
86;78
62;55
36;71
26;89
38;65
66;58
57;52
59;72
64;58
9;40
98;87
100;58
66;69
39;83
83;86
76;8
23;42
48;5
79;35
12;98
39;79
27;59
3;33
66;64
86;54
11;43
63;18
95;5
5;67
67;81
3;71
64;89
48;84
43;83
70;1
26;85
75;80
51;72
79;36
36;98
87;54
85;42
54;15
72;54
3;41
41;17
64;36
61;79
45;19
38;39
56;18
97;19
51;11
50;59
55;67
7;44
8;23
18;19
66;99
18;50
40;9
8;35
84;24
44;53
23;2
67;40
60;17
87;97
28;20
53;50
4;84
20;61
24;87
56;56
32;85
80;14
87;25
67;45
62;48
68;66
37;19
33;71
19;10
48;29
14;75
81;93
63;22
51;69
70;7
27;49
11;1
15;59
22;85
91;60
32;64
34;55
50;95
92;43
72;50
1;72
30;72
27;31
45;16
40;15
9;52
56;2
17;48
26;61
31;8
92;5
69;82
87;88
7;97
5;97
37;72
84;2
86;15
89;47
72;96
30;90
5;17
62;11
64;40
47;78
35;53
36;40
80;83
89;70
64;8
53;32
66;91
64;81
43;62
76;12
90;82
1;17
57;100
49;69
38;41
25;48
1;68
84;68
17;9
2;4
59;38
56;24
60;1
27;62
99;52
56;77
35;41
20;59
93;27
91;11
76;44
29;15
69;40
66;97
88;97
72;63
96;1
37;27
5;45
9;55
99;43
59;40
47;31
95;42
41;57
82;72
39;100
78;31
27;54
70;56
43;82
44;41
66;44
58;95
27;15
32;99
41;56
11;31
58;23
11;34
88;51
94;95
36;88
76;97
17;86
7;57
36;80
95;87
41;23
9;23
84;79
65;50
80;77
24;30
83;68
73;28
84;31
82;97
40;6
12;100
56;77
42;8
96;29
66;51
64;81
85;35
53;13
90;37
18;52
89;96
42;82
63;93
21;74
62;67
100;60
57;30
17;67
18;14
11;12
72;96
5;5
75;55
7;50
29;77
1;81
4;75
44;13
30;72
80;37
93;15
54;67
3;65
53;12
60;89
67;87
29;77
89;64
70;39
44;14
97;69
17;3
11;59
92;50
12;94
75;65
89;81
33;35
65;85
33;31
71;14
91;58
26;27
73;91
60;98
84;64
65;24
17;3
25;50
96;34
19;58
50;83
42;99
81;75
61;72
86;97
4;65
69;13
30;11
7;89
67;30
38;37
90;40
51;19
69;99
15;3
60;53
71;12
9;83
68;54
51;19
60;64
45;51
14;50
32;21
61;99
81;9
95;63
31;53
43;49
43;24
57;7
48;3
86;58
99;98
36;34
42;55
98;16
41;92
100;64
27;52
50;8
41;84
50;64
42;96
29;93
75;34
21;1
2;70
1;2
88;14
65;24
93;44
99;19
80;34
51;44
45;39
72;48
20;43
36;15
5;90
52;97
39;17
13;3
26;64
54;96
35;34
5;59
54;14
86;98
36;15
23;38
13;91
5;99
30;60
22;48
91;42
27;91
96;64
7;47
39;74
12;93
48;47
71;46
86;88
35;47
21;10
52;30
14;95
34;79
38;94
53;27
6;4
47;16
18;26
