57;40
12;45
29;75
10;75
64;79
79;78
83;95
11;92
69;26
55;94
37;84
56;31
3;27
5;47
63;57
83;89
40;40
90;96
99;16
38;79
97;5
60;57
96;90
10;59
38;30
66;53
71;93
94;41
49;51
10;17
55;6
32;17
61;2
84;30
1;99
58;8
16;76
100;13
99;24
5;45
64;3
22;29
65;70
16;88
20;32
21;82
89;60
81;90
67;58
90;48
28;68
87;89
33;58
44;96
53;44
9;48
100;46
82;74
94;71
16;98
69;45
98;92
47;18
100;79
16;72
23;27
63;45
94;22
53;61
26;46
29;58
12;56
23;80
29;78
15;49
4;48
96;99
50;26
21;16
86;45
71;70
89;66
96;38
77;38
31;82
13;97
81;82
38;72
24;79
49;47
7;74
4;95
78;64
68;4
55;81
82;97
53;50
34;67
49;1
33;3
89;36
77;5
99;96
33;91
72;90
38;51
34;2
51;84
15;52
8;78
100;80
25;9
78;41
64;77
42;76
62;48
66;96
31;70
61;13
94;98
61;71
17;62
58;10
57;11
42;16
61;60
99;56
86;27
98;42
55;48
51;57
15;48
94;39
48;68
12;56
4;22
11;41
65;26
45;85
14;53
48;62
2;46
34;53
43;25
14;56
58;100
2;19
68;6
33;83
26;34
89;95
5;54
27;61
8;24
77;87
91;50
86;79
89;84
54;77
90;79
11;49
32;87
9;74
61;24
64;21
98;76
60;68
40;32
69;33
77;49
63;42
93;55
69;60
12;14
72;73
55;5
46;61
33;58
93;39
24;17
7;93
47;82
64;18
39;6
44;18
2;16
87;44
67;19
14;95
89;91
27;46
28;99
48;82
47;94
70;21
28;9
91;99
40;79
71;69
4;22
26;15
68;92
67;37
44;76
78;98
50;88
10;44
5;29
84;10
47;4
24;85
66;45
46;5
59;12
27;54
45;21
23;16
97;68
24;32
67;84
18;9
49;18
3;40
62;35
2;89
60;82
27;51
43;33
83;78
6;59
56;28
86;67
45;98
10;50
92;94
72;6
28;92
78;10
68;38
29;9
13;33
99;76
1;36
58;43
25;23
99;49
23;50
36;38
17;85
16;5
3;2
86;54
15;96
41;78
30;100
74;76
34;72
53;1
43;45
53;75
42;58
47;85
15;25
40;14
86;70
94;26
35;47
81;15
56;13
60;96
31;94
46;64
92;54
28;50
33;10
12;87
13;76
58;47
69;86
53;35
13;11
85;95
58;11
89;64
65;10
60;94
48;54
48;74
33;62
70;92
78;19
23;25
92;6
8;38
3;33
91;50
31;92
96;53
9;32
24;38
60;45
65;20
86;83
4;26
42;41
85;61
64;48
98;91
65;19
8;86
66;64
97;61
70;30
82;62
59;98
99;54
48;30
80;44
30;1
9;50
17;99
87;69
65;97
10;19
30;91
19;25
60;100
67;75
4;39
20;19
9;31
33;74
8;20
88;37
74;28
7;39
3;89
85;19
4;100
12;38
36;73
89;1
63;78
39;65
36;35
22;22
10;4
86;3
28;61
53;87
35;48
71;69
85;5
21;32
8;44
81;66
78;73
81;36
56;39
89;34
36;11
48;4
87;68
78;16
63;32
8;37
91;33
36;28
37;15
47;52
48;8
54;30
45;70
70;53
27;78
1;99
17;40
86;94
54;48
82;31
65;36
38;94
72;26
62;33
75;46
10;12
46;65
25;89
48;72
21;59
56;68
99;20
58;37
65;67
69;42
97;20
36;18
12;76
100;75
17;28
95;4
75;41
51;42
99;74
86;69
34;21
46;5
81;40
84;55
62;45
64;81
36;17
91;71
8;77
92;87
94;42
51;96
41;92
6;97
7;33
38;7
52;98
95;49
67;71
99;12
26;80
48;12
21;13
8;41
67;65
59;98
89;33
37;92
2;15
14;45
89;26
27;7
47;44
32;6
21;16
18;46
69;26
2;97
79;32
10;63
83;54
99;54
76;19
49;95
80;49
80;23
13;31
21;59
24;56
34;82
94;36
77;79
62;87
42;55
62;28
37;47
71;63
39;75
31;24
94;71
76;48
42;68
40;71
27;57
25;27
50;20
76;82
17;23
99;8
16;38
17;83
85;69
33;34
73;77
92;23
74;65
50;73
90;89
21;60
53;20
22;5
85;65
59;71
98;78
66;13
57;39
56;84
60;73
58;29
50;44
79;3
22;50
21;95
48;53
96;16
27;31
19;49
91;80
57;69
61;65
68;11
30;44
77;92
42;31
93;91
21;66
48;78
6;53
6;26
55;90
85;61
47;99
28;77
53;18
60;21
61;92
65;30
16;69
19;32
84;68
34;57
97;34
76;49
94;95
99;66
2;28
62;76
35;79
11;41
37;91
9;36
62;54
58;51
73;37
8;14
1;94
11;30
47;4
32;20
50;64
75;36
77;23
93;97
59;53
55;9
76;1
43;4
59;4
72;83
78;4
45;83
27;74
45;81
53;98
55;25
35;95
6;17
8;39
71;2
80;89
22;66
39;85
39;25
2;33
12;77
96;21
78;14
6;100
4;58
8;40
48;87
10;93
2;93
59;87
89;5
70;81
70;33
56;54
80;78
66;60
30;90
5;55
4;76
78;19
85;74
58;38
10;93
32;67
50;52
44;16
46;17
14;95
30;21
10;4
14;15
2;11
83;99
32;1
56;22
82;23
36;43
33;40
63;59
74;29
91;46
54;42
95;81
89;23
78;4
25;35
50;49
43;99
65;78
66;74
63;91
50;89
36;17
66;17
80;23
90;77
31;74
35;55
8;79
67;74
76;93
27;51
71;41
85;91
60;42
7;53
59;30
96;100
64;89
51;30
4;75
58;35
3;66
37;81
6;4
55;51
99;20
56;71
61;33
22;86
86;98
87;22
67;59
48;46
40;45
76;63
31;51
75;28
10;56
84;23
63;35
3;87
5;22
96;96
58;93
74;29
3;80
22;64
73;58
91;56
92;65
1;77
66;25
53;81
4;4
5;62
26;67
39;77
98;100
63;87
52;52
19;36
70;67
49;52
81;12
41;35
1;92
83;70
52;32
19;52
9;42
76;90
27;18
19;12
97;8
14;87
5;56
82;20
53;64
53;28
47;88
15;55
78;73
10;17
37;12
31;62
38;80
81;34
75;61
89;66
88;12
59;51
6;85
96;84
89;48
31;53
34;31
28;78
12;66
88;79
68;29
9;19
82;60
73;93
91;27
18;13
72;21
67;26
49;79
32;94
45;18
53;12
20;11
92;69
49;11
66;46
90;70
8;12
27;81
28;4
81;49
67;26
58;16
51;73
23;100
17;43
95;98
28;53
78;29
6;6
10;54
86;7
46;4
8;38
55;40
46;37
72;83
3;12
6;37
65;20
23;51
30;7
17;24
74;62
16;36
48;39
22;87
80;19
35;18
17;99
37;83
85;70
30;72
11;85
17;23
86;46
3;27
5;9
42;29
6;96
100;48
85;89
16;7
19;23
47;66
38;86
52;69
73;56
18;62
60;92
60;39
37;40
34;30
78;14
33;10
63;56
57;62
60;55
66;20
36;42
62;28
48;73
22;68
85;18
9;32
31;80
33;11
30;84
39;85
47;4
83;24
18;39
17;1
14;63
9;24
8;82
17;77
21;16
40;24
68;89
53;77
66;21
73;73
33;71
67;15
41;82
94;71
90;98
18;56
81;98
12;88
57;37
15;55
74;23
31;37
56;92
94;61
20;15
71;74
46;73
50;66
89;48
82;47
10;26
23;60
22;73
4;96
51;71
7;54
55;19
80;27
60;40
14;72
88;43
7;12
43;32
32;53
66;46
35;51
9;15
31;33
91;60
94;10
17;2
8;90
73;65
78;34
75;96
42;33
76;11
69;93
47;28
25;32
49;24
98;10
25;1
52;92
86;41
51;77
35;90
93;98
1;19
76;92
89;25
39;5
32;35
67;65
79;34
51;71
69;98
65;35
1;36
87;14
99;53
69;84
35;70
87;85
56;51
99;79
3;58
97;67
25;93
5;34
26;22
78;1
94;56
44;86
6;60
91;53
49;59
100;64
48;79
58;40
15;37
32;65
15;24
93;1
22;67
76;15
51;56
9;57
54;74
55;4
55;71
82;45
35;41
75;2
3;65
82;64
11;89
17;99
73;3
12;45
15;3
28;93
14;44
65;48
85;9
34;4
50;99
24;88
37;82
68;42
11;93
40;66
95;28
12;56
12;70
42;69
10;16
80;69
68;3
17;13
32;93
16;67
27;13
19;20
58;61
84;18
93;55
48;100
30;58
94;93
22;24
92;84
85;35
98;32
83;98
71;86
32;7
59;66
91;38
32;32
95;49
19;23
18;67
27;55
13;35
36;53
36;6
6;66
63;76
27;84
98;98
29;65
7;94
29;57
52;28
38;93
80;19
90;89
19;41
91;1
35;42
76;51
59;77
55;76
41;22
73;69
34;96
97;9
6;96
8;76
38;49
12;51
33;5
53;94
5;96
18;40
66;29
51;74
83;77
9;36
81;23
46;62
58;23
72;86
100;9
6;96
68;18
34;68
14;56
28;83
43;75
77;90
61;29
62;81
26;85
67;16
96;97
70;68
72;21
79;9
31;22
95;84
50;91
36;59
91;74
57;71
30;86
46;10
60;73
15;25
100;8
89;71
62;45
34;51
65;1
27;26
23;20
71;92
1;7
21;10
19;88
85;76
59;4
35;41
81;40
91;67
48;53
92;49
14;68
19;5
95;71
91;39
73;62
6;14
34;87
58;32
41;10
83;68
60;93
95;95
71;75
34;49
36;45
40;78
1;58
89;42
98;75
13;88
91;30
69;95
60;35
94;6
92;47
43;84
12;78
13;60
3;99
19;52
88;28
58;33
40;94
94;39
31;26
38;21
1;52
36;97
18;78
68;18
7;47
10;81
48;54
1;21
94;21
72;32
94;32
17;21
83;95
57;75
84;45
22;98
40;87
28;43
72;64
19;14
39;18
97;98
25;14
29;4
33;27
27;35
20;26
4;36
3;89
74;3
28;3
69;37
22;12
1;90
61;26
76;100
93;84
80;17
78;34
71;97
82;58
78;1
70;25
80;46
95;20
10;60
18;79
17;78
62;59
88;58
15;99
95;89
14;15
31;4
77;81
88;33
94;5
10;5
92;61
90;48
86;47
2;63
62;44
24;78
39;13
4;83
48;59
94;74
16;29
81;50
56;36
90;14
17;49
92;31
85;61
10;11
51;36
49;95
67;34
9;27
62;48
76;68
79;48
52;27
48;96
61;60
79;90
15;66
80;84
56;14
14;50
58;18
70;28
32;47
7;96
44;47
56;84
20;29
84;84
30;67
71;43
49;32
16;12
3;10
28;86
5;12
88;51
62;82
92;77
97;89
42;29
10;10
74;7
23;24
34;68
72;9
47;44
85;99
70;85
63;65
23;38
12;18
99;66
87;6
84;83
62;20
88;55
38;14
85;22
96;11
49;22
3;78
98;9
62;14
46;45
89;3
51;88
53;99
6;46
60;42
23;39
49;68
31;89
76;49
68;57
45;71
39;38
94;33
14;16
47;33
45;80
63;65
4;61
24;61
86;39
38;40
63;46
83;91
24;4
54;8
53;59
16;71
6;27
63;27
93;25
76;18
95;11
10;95
15;2
8;84
10;43
18;54
53;18
44;79
44;77
64;78
44;80
60;33
5;86
100;8
61;64
26;88
91;13
56;12
69;36
83;94
61;83
23;26
36;63
6;22
19;53
7;24
40;5
83;7
7;98
77;69
39;36
94;96
7;68
68;7
56;10
95;72
78;93
28;82
77;47
86;72
69;74
99;98
68;81
57;75
18;34
59;8
35;13
32;81
67;87
41;61
30;6
1;18
77;19
60;58
17;68
5;56
54;27
95;70
78;88
48;4
12;93
35;35
11;15
35;76
98;89
23;100
94;65
38;63
52;11
44;14
12;76
39;73
48;67
83;56
28;3
80;65
49;12
89;42
79;39
29;90
40;63
93;32
78;8
34;77
98;79
73;52
92;97
6;33
72;37
81;93
80;64
27;66
65;31
80;49
90;84
52;14
52;41
90;26
78;45
70;24
83;32
22;74
79;7
34;85
29;30
62;37
96;42
74;54
59;79
12;88
10;55
1;30
19;89
18;85
92;27
14;83
62;64
78;55
85;18
55;8
25;10
31;64
25;27
36;74
9;60
53;35
10;7
42;7
11;83
53;61
90;80
78;7
71;98
79;81
65;58
15;69
36;73
1;31
24;5
85;28
47;41
34;94
4;37
41;96
82;30
54;32
72;81
41;92
75;68
30;5
69;26
8;95
19;29
77;29
55;16
91;44
23;18
4;20
74;1
68;31
77;8
100;28
79;78
74;99
36;22
20;1
84;8
38;19
97;50
45;23
18;42
60;19
25;71
41;95
91;44
100;21
99;47
50;69
48;63
1;1
72;44
45;46
98;16
17;81
19;63
66;11
63;31
68;89
46;13
34;26
10;90
31;3
64;85
60;98
22;36
64;61
21;10
21;59
25;54
31;54
16;97
62;31
13;84
54;65
99;97
30;95
93;13
23;41
9;77
41;99
65;64
92;24
96;51
6;34
25;65
34;64
20;85
15;100
4;73
67;62
5;27
10;39
82;34
72;50
84;39
62;72
21;81
52;24
5;65
79;8
23;45
39;60
92;91
35;59
62;73
50;70
54;67
12;70
79;31
21;100
29;55
98;13
25;87
54;98
55;15
5;38
74;4
97;81
30;37
90;44
13;52
90;76
56;50
73;97
8;25
42;2
64;83
1;65
97;21
38;44
58;94
3;4
83;57
56;43
59;70
56;83
24;17
84;77
9;81
41;88
65;63
28;33
48;4
33;67
70;85
8;46
41;9
27;73
57;19
98;71
84;27
7;72
81;4
12;80
20;53
40;49
100;72
86;15
16;66
7;59
36;67
76;81
63;21
22;19
88;92
46;67
6;12
18;88
3;61
60;3
63;65
61;78
78;100
11;32
85;68
12;47
71;53
42;51
42;96
35;95
9;73
13;98
67;48
40;26
70;6
95;77
78;81
58;99
40;27
32;72
38;44
92;98
21;70
4;26
16;63
96;33
5;94
81;94
1;27
24;68
81;95
64;46
7;5
42;38
58;43
95;3
17;81
56;86
24;47
34;84
22;17
40;58
77;77
30;29
80;76
45;65
85;62
21;73
31;62
41;60
92;3
28;93
23;18
2;50
3;26
62;100
40;7
51;96
62;3
20;36
21;99
77;20
46;26
53;92
93;77
37;37
37;90
64;77
94;18
76;89
96;11
80;30
97;97
22;91
1;17
70;21
85;18
77;69
4;42
73;61
45;48
71;6
53;99
40;16
49;7
76;55
29;99
12;5
20;47
1;30
95;40
68;7
96;60
2;89
42;23
29;84
41;4
1;66
38;74
45;38
19;58
1;4
100;9
80;99
36;27
9;63
22;4
98;76
59;92
51;26
39;18
87;21
12;43
15;1
51;78
47;12
20;77
5;12
82;47
87;70
44;51
49;17
46;91
27;99
4;78
81;74
47;23
85;5
82;34
30;40
55;62
8;83
63;18
59;74
82;19
15;18
92;17
29;27
33;47
53;48
41;55
51;85
36;93
83;43
42;73
67;67
35;56
5;59
78;97
87;53
66;88
76;87
70;21
86;63
66;13
11;88
54;40
52;69
12;77
55;85
29;10
48;69
60;70
38;62
54;18
51;59
53;38
38;51
48;44
21;10
64;6
25;46
44;10
53;33
69;26
93;97
87;61
41;86
35;57
65;29
49;71
23;16
54;23
16;72
66;42
53;80
29;63
50;98
4;19
91;61
10;89
93;13
90;91
92;16
96;76
7;41
76;99
80;96
26;53
55;86
13;41
51;75
64;23
1;43
71;24
67;18
28;90
13;75
84;4
39;78
16;63
15;8
29;20
36;17
79;18
13;89
60;5
12;5
45;88
73;24
95;13
81;12
76;58
15;64
41;43
91;49
74;44
12;25
20;95
69;51
24;45
44;73
53;28
52;32
38;52
94;83
29;18
68;78
25;29
92;37
25;53
39;43
31;6
53;36
10;91
85;95
37;18
91;36
53;23
89;87
81;73
74;28
24;56
20;69
53;52
42;43
2;82
8;19
27;55
39;25
24;21
15;5
46;44
75;54
48;20
42;29
5;54
7;74
37;62
44;89
43;58
68;33
5;97
91;33
25;77
61;19
35;85
46;87
22;4
69;14
65;83
1;80
13;47
82;77
36;15
45;45
34;48
71;83
87;49
60;65
89;93
86;38
70;82
81;25
49;5
85;66
48;39
14;35
52;31
48;22
72;22
3;65
23;26
70;82
31;67
82;66
90;93
94;85
67;99
16;58
88;1
5;58
94;54
85;28
91;33
75;76
89;97
18;55
35;69
18;95
8;15
88;80
26;52
83;41
41;59
41;14
26;45
30;74
52;30
53;78
27;51
95;44
76;99
94;58
86;49
99;1
6;20
82;72
56;27
23;94
7;74
36;37
85;47
78;83
68;48
59;28
32;11
73;25
80;20
82;2
22;44
6;91
100;73
3;29
3;34
65;94
87;7
64;98
6;51
91;97
7;28
84;95
37;96
3;3
77;82
40;68
24;81
92;93
25;98
99;98
84;61
27;41
97;45
6;81
19;56
57;82
66;100
97;16
74;11
99;45
95;54
12;63
60;96
24;71
58;58
47;31
96;54
5;12
82;12
18;58
76;58
14;37
43;17
54;93
45;74
53;15
53;63
27;6
29;91
31;53
74;48
13;1
81;63
57;87
73;30
80;22
99;70
39;2
9;35
13;18
2;60
27;7
30;9
72;47
19;27
88;13
12;34
27;35
98;28
42;89
84;70
45;4
23;100
98;61
97;96
86;32
79;100
66;77
93;74
88;28
91;100
14;80
81;76
63;20
12;16
75;14
49;64
66;88
54;3
27;15
57;12
63;31
91;47
48;43
15;85
31;12
53;96
14;10
53;74
4;50
88;32
43;65
12;90
87;72
100;73
93;49
66;14
95;69
52;100
42;71
14;99
46;48
72;22
79;15
35;88
25;63
35;100
23;59
75;11
56;23
87;74
99;54
62;92
31;64
21;59
33;54
63;26
11;36
49;87
84;77
98;32
78;92
15;76
68;34
48;84
23;66
48;91
9;51
81;1
19;60
32;66
93;94
51;9
28;59
68;10
49;87
18;81
80;71
12;51
6;24
47;13
90;94
69;70
86;44
53;14
93;100
90;56
80;46
77;54
95;38
52;6
14;40
64;41
32;7
2;48
77;59
43;93
73;87
84;73
62;56
84;86
91;9
74;29
8;48
94;4
95;81
62;27
41;77
83;86
86;71
98;50
87;74
75;100
4;94
67;7
93;57
68;87
93;32
95;74
2;20
14;3
43;12
38;73
22;84
37;41
14;69
90;47
28;76
53;62
8;53
48;37
33;61
86;35
97;1
26;87
1;7
65;75
46;83
21;40
57;69
92;82
80;1
48;32
100;97
54;19
30;99
55;17
40;93
85;100
70;85
56;4
21;96
28;10
80;13
97;2
15;22
87;51
88;20
71;75
89;9
30;80
60;31
53;28
25;33
9;61
100;32
86;90
11;56
96;78
65;59
46;36
14;70
18;4
81;90
81;87
29;10
89;14
68;16
45;3
89;47
60;9
7;5
89;42
94;15
70;5
60;38
19;93
91;25
66;57
48;69
71;26
39;73
89;63
69;67
71;55
29;64
95;11
35;98
71;87
82;48
68;89
24;85
6;86
19;55
75;75
26;60
78;46
20;11
16;38
75;84
42;71
48;77
72;52
66;6
4;63
61;9
85;60
15;87
26;53
10;65
1;29
1;67
92;38
24;23
97;68
98;76
51;21
54;12
26;78
88;58
33;72
90;76
6;36
65;96
59;92
69;27
35;65
78;67
99;15
66;32
24;87
91;41
56;10
96;14
63;27
12;98
54;87
72;19
29;100
24;10
87;96
48;9
69;14
53;4
51;92
80;24
68;36
20;19
79;60
6;45
53;28
22;12
27;94
8;51
93;43
63;21
6;36
27;30
68;66
21;67
45;83
99;19
22;75
73;11
13;50
57;29
58;57
99;41
51;32
38;70
2;39
16;51
51;44
2;58
26;74
73;39
85;46
23;54
50;84
4;6
29;51
56;55
87;5
9;55
49;46
47;75
69;20
50;13
96;96
75;11
24;24
92;72
80;76
48;51
22;82
88;15
18;3
82;9
33;71
35;66
49;76
94;58
91;69
70;100
26;90
11;1
21;44
22;33
24;96
32;46
27;29
57;40
47;38
63;39
70;87
55;57
58;56
11;42
38;15
98;68
38;24
8;57
45;90
49;43
92;36
82;39
47;67
90;34
62;100
67;26
3;70
13;50
58;60
65;77
4;11
3;96
6;93
71;50
51;12
72;36
15;36
6;34
58;56
47;7
47;70
33;98
43;8
2;33
10;72
37;39
44;57
94;61
7;18
88;73
40;93
45;87
90;63
57;85
54;37
99;45
93;98
33;56
96;18
91;24
8;73
13;4
99;67
93;14
44;47
55;6
82;45
77;96
85;69
93;54
70;10
65;58
40;38
88;67
22;40
13;59
43;16
33;66
24;37
93;23
44;87
41;99
2;54
88;23
75;6
95;69
95;3
15;66
69;56
8;62
37;30
69;14
55;52
53;3
75;48
22;45
10;49
10;69
98;96
47;17
76;83
69;27
59;56
73;11
77;76
25;57
18;70
27;82
34;35
9;35
60;58
37;24
3;88
72;40
61;70
43;68
98;6
57;96
23;11
13;98
81;29
43;37
40;97
63;16
74;20
15;77
7;99
50;80
86;35
3;90
33;83
34;51
97;52
83;86
30;59
61;70
31;4
47;16
43;91
87;38
50;52
49;10
39;74
62;55
32;60
30;87
29;8
98;33
66;53
81;77
76;44
61;59
93;49
63;28
97;5
24;71
40;18
36;37
62;19
80;46
37;86
69;86
8;64
17;87
21;80
19;67
27;9
52;20
61;18
16;29
13;84
47;91
27;26
51;37
43;18
34;51
28;22
39;61
21;89
95;69
69;88
30;35
66;77
60;44
27;44
84;19
35;53
43;91
33;37
31;15
63;57
93;59
31;59
31;34
36;93
34;41
75;47
47;78
51;40
71;24
35;26
20;89
35;31
56;51
90;60
20;92
3;36
16;72
85;22
86;86
70;71
62;27
49;99
1;2
35;66
51;96
63;84
60;73
1;48
81;60
78;13
96;6
59;43
16;8
41;12
57;28
44;17
64;69
28;8
92;77
21;39
7;84
64;19
60;87
71;27
82;51
35;66
70;64
8;56
67;26
35;50
56;14
5;8
94;37
24;91
3;54
22;96
68;5
5;22
49;97
39;9
56;91
22;95
33;84
51;26
24;81
92;18
73;71
73;3
9;7
76;49
38;24
61;73
8;42
78;34
77;95
37;53
4;90
99;16
49;55
62;29
54;86
84;58
2;7
26;2
63;48
54;63
86;48
2;74
71;55
5;25
5;8
59;7
26;78
93;35
37;69
41;100
99;2
78;75
10;21
93;96
52;48
83;62
69;37
20;84
99;25
22;34
67;49
45;10
35;91
11;32
4;64
26;17
50;76
66;91
12;49
39;95
25;87
53;21
95;27
24;93
80;8
80;88
86;60
12;59
52;80
91;52
36;59
46;55
47;59
74;19
4;90
83;80
21;9
9;79
22;56
14;83
92;37
66;11
27;9
25;16
40;30
59;49
72;43
78;15
31;91
46;82
36;30
75;80
72;13
86;71
82;32
39;54
18;43
17;45
80;50
99;61
34;50
2;47
66;23
56;15
90;21
66;92
61;51
93;7
31;30
19;88
70;66
52;14
27;83
8;74
77;68
86;18
65;73
25;74
50;50
72;5
94;89
53;42
65;53
86;35
8;51
45;4
56;6
43;73
64;83
9;1
13;30
10;76
28;58
2;25
43;44
39;51
7;98
64;67
1;99
19;7
86;62
27;33
29;64
11;67
61;43
91;48
8;22
11;75
19;44
55;85
42;10
99;83
96;15
55;7
9;53
6;79
61;25
77;72
14;47
50;26
86;5
51;22
93;100
95;63
45;36
42;63
60;32
32;33
33;11
13;49
5;49
42;34
5;64
19;31
45;76
29;29
9;43
47;14
43;1
25;81
38;26
2;2
59;45
70;52
75;5
51;95
9;77
2;24
75;4
96;45
27;44
52;71
100;28
85;54
93;71
27;78
37;80
44;40
65;89
95;100
86;75
56;58
97;56
5;22
76;87
92;28
20;29
100;82
36;71
52;52
27;97
50;68
89;9
67;13
16;70
81;33
94;74
93;75
50;69
29;75
69;58
33;20
40;61
24;94
55;10
97;60
12;69
56;18
38;46
92;49
91;61
70;38
81;10
99;18
20;34
16;23
88;81
39;73
84;12
30;23
52;80
66;22
87;22
51;45
63;96
88;78
18;14
28;48
89;67
64;27
24;98
63;45
12;25
97;87
67;82
4;51
57;82
19;3
4;86
67;69
54;28
33;19
84;1
85;84
50;67
42;81
50;35
57;70
68;79
42;28
34;90
5;23
10;26
7;81
89;76
3;28
4;70
71;8
13;43
63;7
7;2
54;18
70;61
55;86
79;30
3;81
14;79
87;90
85;69
47;50
54;57
20;68
89;19
63;18
57;11
53;17
63;14
62;56
12;20
81;73
11;79
69;97
25;71
76;50
40;77
80;85
78;33
7;69
42;92
5;99
2;67
83;48
44;32
30;97
26;50
32;2
80;14
57;29
90;49
77;7
49;4
36;29
46;85
75;80
34;16
14;79
70;34
63;10
39;13
58;95
89;77
42;9
43;50
50;23
87;66
27;84
19;40
89;55
98;20
24;13
35;50
73;32
76;20
41;10
24;7
79;96
89;98
73;56
55;56
80;17
40;23
62;88
63;1
95;27
59;70
2;89
99;60
14;94
34;77
16;97
22;28
91;42
77;33
93;27
77;47
21;74
37;37
31;70
53;11
10;66
3;82
84;55
52;22
20;84
83;51
100;66
75;3
87;60
71;76
61;73
43;38
14;88
8;87
69;43
52;45
50;50
31;49
45;60
40;46
31;64
78;3
79;71
88;8
19;43
77;36
93;12
70;16
23;28
44;59
96;5
43;1
57;2
87;85
29;85
93;67
12;32
86;51
85;30
74;92
33;87
99;33
69;41
60;15
79;55
12;35
64;87
22;18
20;15
80;48
89;65
52;36
60;43
72;79
84;78
42;91
29;65
5;54
60;40
62;23
45;25
68;22
36;70
24;39
86;63
47;97
44;77
72;57
91;92
78;50
11;75
33;87
42;41
65;56
83;24
3;19
43;82
81;91
42;18
13;5
90;26
30;26
100;24
46;32
8;46
69;38
12;94
13;35
19;13
50;31
34;90
27;88
54;5
81;24
8;19
74;65
55;73
86;28
26;2
95;68
85;31
20;56
97;45
95;99
40;35
3;68
8;35
92;85
59;73
3;56
51;23
90;52
87;23
85;44
58;13
80;89
94;3
73;54
93;1
62;12
78;6
92;82
6;79
1;44
2;26
83;27
86;67
10;45
76;28
31;48
28;83
56;21
53;12
12;63
54;47
87;49
54;36
16;10
92;100
16;15
7;17
83;97
63;23
9;26
99;63
76;51
38;34
33;78
61;5
36;88
53;68
53;57
7;12
49;46
18;10
2;37
29;60
26;95
29;14
49;84
63;20
18;5
39;97
5;67
62;74
86;57
28;40
68;66
62;30
2;51
19;97
49;26
31;24
13;72
25;55
5;55
65;45
33;37
48;75
83;100
71;65
25;53
62;15
80;40
69;98
96;28
16;38
100;29
65;71
28;11
89;32
35;60
67;16
85;72
70;9
6;60
42;89
97;7
82;59
79;60
14;25
36;34
60;32
21;31
67;65
31;7
87;5
68;27
8;93
70;19
19;2
68;83
42;10
77;99
16;34
54;83
45;33
35;53
33;89
97;35
82;95
98;5
75;60
67;49
45;58
94;56
40;68
50;36
80;1
18;80
84;4
3;67
71;13
91;85
5;22
17;34
88;46
99;100
46;76
43;28
75;48
91;78
53;31
2;88
81;25
54;61
39;53
95;31
50;59
60;24
12;89
72;41
72;49
48;53
84;84
47;63
74;92
88;100
64;93
61;3
62;27
94;37
73;70
57;11
33;2
82;93
41;54
38;85
62;27
94;46
65;82
56;33
19;65
95;47
27;89
52;90
22;53
56;57
59;38
33;74
89;34
37;54
56;8
31;69
9;73
11;58
11;72
3;37
15;30
30;24
80;47
46;28
38;58
85;34
67;96
100;26
71;81
36;70
95;79
63;49
70;36
10;11
24;4
57;66
68;91
51;19
79;67
95;99
26;88
35;22
70;97
64;27
74;94
69;90
60;28
78;64
55;9
93;95
60;20
75;24
100;84
32;68
66;62
14;94
40;7
53;97
9;51
37;84
18;3
68;63
92;82
71;76
62;61
65;91
59;13
6;7
68;47
4;49
35;74
93;39
46;71
96;82
21;61
5;42
74;38
71;39
9;97
62;97
71;20
82;55
27;61
49;75
19;1
67;46
73;3
33;32
75;73
29;31
65;63
16;92
49;93
66;71
50;1
10;91
45;7
8;26
87;47
43;6
44;93
53;33
100;76
55;79
66;97
77;50
28;12
99;55
85;33
23;52
100;34
48;1
52;61
75;15
16;49
41;31
95;56
54;61
54;19
65;10
28;96
42;23
60;50
34;48
29;96
33;5
29;86
87;52
34;25
73;34
43;44
25;36
76;47
92;69
17;81
66;17
41;51
99;96
62;12
27;85
42;60
100;60
84;78
34;1
16;79
54;44
40;73
5;46
83;69
65;68
28;50
75;38
49;27
46;94
16;85
17;77
14;97
65;45
50;14
22;86
78;67
83;13
99;62
86;72
5;96
5;50
97;22
66;81
69;77
81;43
89;80
14;67
60;24
100;38
38;94
52;68
37;21
97;62
52;78
51;92
93;80
41;44
92;98
81;19
79;53
88;5
22;75
18;44
42;18
84;99
20;89
59;94
67;80
5;52
30;22
50;38
40;27
84;33
34;11
75;23
72;49
41;79
24;22
58;97
85;87
22;49
100;70
5;81
68;99
35;28
94;16
22;17
14;43
100;77
56;27
47;46
46;34
13;28
44;31
41;32
92;46
1;57
47;41
45;36
3;21
65;25
29;49
94;100
68;95
40;29
69;62
61;21
5;41
71;63
92;87
88;60
63;60
34;84
75;93
50;80
15;6
8;84
20;32
28;11
51;66
64;19
63;12
59;89
21;9
55;95
70;75
70;43
67;2
5;15
8;94
92;46
41;37
84;84
11;88
35;83
34;96
68;70
80;7
48;98
68;58
33;25
32;54
40;96
68;54
47;19
19;82
71;55
80;8
93;98
50;12
90;46
96;7
26;68
2;96
24;59
13;40
8;51
52;34
87;99
29;70
31;38
24;93
46;10
68;67
95;71
18;79
97;41
35;36
86;93
43;65
47;17
37;94
11;94
42;59
44;82
57;4
30;97
100;14
30;98
11;65
90;67
52;70
40;81
5;63
86;67
15;10
75;41
99;94
82;92
99;28
55;31
84;93
5;81
56;65
56;5
8;12
24;79
91;40
21;70
97;81
41;53
79;14
5;23
43;45
60;50
97;14
57;82
93;9
24;94
19;82
19;16
62;98
68;39
7;47
90;92
20;63
25;70
47;32
88;6
86;35
11;13
4;42
61;51
91;70
73;51
82;45
9;42
48;35
64;43
56;66
15;52
30;47
26;8
93;1
39;66
41;36
38;86
44;11
16;99
64;64
28;5
47;4
6;34
62;17
32;48
39;70
37;24
99;98
4;39
52;41
68;22
29;91
94;67
40;91
25;54
70;53
9;44
46;65
92;32
80;70
25;16
63;96
12;8
24;15
59;16
21;50
73;78
8;40
68;34
15;93
54;54
22;70
60;72
87;69
48;88
47;75
66;19
98;97
88;74
82;25
50;30
76;52
97;15
98;38
86;79
3;60
49;63
25;18
16;14
27;22
27;48
97;100
19;17
25;49
44;12
35;34
15;52
27;85
43;77
15;12
67;93
99;44
99;39
10;62
89;85
54;18
15;94
66;71
59;100
66;97
63;13
19;92
73;94
77;88
24;8
43;93
82;31
72;90
62;8
94;86
9;85
74;15
51;76
60;13
14;46
2;63
11;90
84;79
74;68
72;86
32;88
81;49
59;100
90;19
47;88
87;34
41;66
55;87
77;4
31;54
33;51
8;55
52;90
83;19
58;88
86;28
20;40
7;75
19;35
18;7
33;93
96;6
32;21
50;24
91;8
20;43
22;46
18;83
47;76
28;10
96;29
8;50
94;4
45;3
94;68
17;82
94;66
95;97
84;10
61;6
19;77
45;31
80;11
6;90
56;39
87;13
8;11
56;89
1;17
96;53
77;14
1;88
24;81
71;79
31;84
38;62
40;29
61;38
19;9
3;2
61;86
61;6
13;84
86;44
5;71
59;33
85;78
66;86
72;69
8;22
47;77
100;22
16;29
76;65
5;23
89;19
50;82
90;24
2;96
35;37
100;25
67;24
15;68
59;33
97;42
74;26
92;92
50;73
63;95
8;5
38;92
42;47
92;52
80;75
77;17
47;45
22;41
96;62
44;61
33;89
35;83
32;99
18;61
9;59
62;89
90;52
10;22
84;77
56;78
38;37
45;42
7;31
14;12
43;5
36;3
