76;69
28;87
97;70
82;7
72;49
79;37
56;79
70;80
28;89
94;86
47;76
38;35
47;92
26;43
96;73
61;58
35;16
91;4
53;21
34;78
17;1
58;12
56;94
48;23
65;37
59;20
22;30
50;37
21;37
42;91
81;75
22;75
94;12
72;83
7;95
87;13
50;76
92;63
73;31
41;71
15;48
72;51
67;44
59;29
73;76
68;9
76;79
65;87
39;73
89;96
96;96
56;56
70;12
95;19
79;28
91;15
53;38
20;3
1;24
1;88
38;89
39;89
100;94
21;34
34;22
22;19
5;75
61;9
42;79
43;30
86;86
93;31
91;80
79;43
93;7
79;73
23;38
62;84
47;91
37;40
3;28
25;64
57;23
12;100
72;49
65;58
63;49
92;88
61;16
61;27
3;45
41;60
35;55
45;75
59;49
54;44
47;70
91;33
33;61
32;64
11;75
81;44
84;97
44;47
30;43
47;94
63;43
83;14
15;69
9;85
97;15
51;74
80;29
49;86
5;59
56;64
30;18
70;24
41;35
36;41
57;50
71;48
37;95
71;2
76;76
16;69
46;48
50;61
51;9
83;94
44;38
4;79
8;88
55;52
95;68
31;87
19;52
53;17
91;60
15;17
77;96
2;2
9;14
92;12
44;42
67;8
17;21
26;55
24;79
98;36
51;22
14;7
100;97
71;69
12;56
96;80
70;96
53;57
95;52
31;51
46;30
60;68
53;64
55;56
64;62
40;91
83;66
93;64
83;56
58;82
72;42
61;9
73;61
54;76
6;82
75;75
11;25
21;77
59;79
67;100
7;31
91;14
69;61
55;43
71;76
7;48
19;97
6;8
46;55
4;31
26;99
33;68
59;86
2;51
43;59
56;68
50;77
83;47
4;21
82;60
87;74
76;69
28;6
78;48
90;18
94;32
7;92
79;19
87;60
10;46
54;96
28;26
49;34
5;2
51;90
71;28
18;43
77;47
70;41
30;17
22;36
81;68
32;80
54;38
25;2
45;84
20;17
52;89
31;25
35;7
87;28
90;4
87;19
54;21
34;4
93;36
50;92
73;76
63;58
9;45
1;31
85;21
65;10
83;99
42;67
15;3
94;5
64;39
77;17
28;50
75;85
85;13
4;33
29;14
45;84
32;34
81;88
85;64
96;36
32;6
78;69
63;60
83;13
80;85
17;5
65;40
10;97
97;15
61;7
55;93
61;59
47;59
80;56
92;7
73;1
89;54
41;100
82;88
49;35
76;32
20;17
42;2
64;22
70;17
23;63
1;10
77;88
61;86
95;88
33;35
62;31
82;15
7;74
11;57
77;17
43;37
4;22
13;21
63;9
3;5
56;45
52;1
11;78
45;73
40;66
34;16
17;76
58;49
85;60
85;26
96;2
94;82
71;54
76;37
5;46
26;20
68;51
27;94
81;95
38;61
31;13
6;36
67;78
79;51
95;16
98;62
88;50
18;96
48;23
4;29
82;29
32;5
79;88
9;5
53;63
3;66
40;84
36;56
92;88
25;13
94;26
64;70
39;57
31;75
41;67
46;25
20;88
49;11
81;25
21;23
63;100
67;84
76;14
86;55
61;42
37;79
52;49
21;42
69;74
46;84
93;89
18;29
33;67
36;8
51;62
5;96
76;3
62;4
17;28
82;48
4;70
94;12
37;58
3;42
96;14
35;39
1;43
25;48
100;88
66;42
90;5
95;85
23;10
51;42
24;54
66;16
50;11
32;27
80;95
63;57
70;59
36;77
99;21
15;51
84;73
84;76
92;51
6;23
19;77
6;42
47;26
86;31
29;80
70;43
50;31
39;46
78;6
57;10
30;42
77;30
22;53
75;61
58;19
99;60
19;48
51;59
62;71
59;18
33;84
20;61
92;51
4;97
97;38
58;60
10;8
97;85
10;10
64;30
49;71
54;49
6;97
43;97
32;53
7;13
57;23
26;53
16;2
96;2
92;64
56;89
55;17
19;31
94;11
40;20
41;1
97;72
37;17
34;78
39;17
77;25
61;43
20;77
70;96
75;11
80;80
7;24
86;79
95;33
87;74
77;81
25;28
80;97
13;21
25;45
75;30
49;49
41;92
64;35
87;38
35;9
98;16
32;21
91;28
89;28
49;91
76;63
27;50
53;78
29;13
10;52
11;2
33;86
32;19
23;73
40;42
99;26
31;98
48;1
27;57
44;45
50;64
72;21
84;30
27;11
50;37
45;50
64;18
83;12
86;70
8;17
91;59
39;43
21;93
94;48
28;88
55;27
43;76
97;87
68;31
56;82
97;90
25;84
89;70
83;98
51;29
46;58
30;69
93;92
15;41
47;81
66;82
12;63
2;38
11;60
81;16
48;63
76;84
65;97
23;76
19;80
95;69
99;37
68;23
75;36
11;17
8;30
5;90
41;21
54;14
69;18
92;29
50;29
90;63
27;38
9;66
28;7
80;63
5;6
73;49
36;23
25;68
5;83
9;7
50;80
44;81
59;93
57;19
1;86
61;56
57;1
80;82
62;64
72;92
86;11
93;71
68;48
96;12
40;36
25;42
50;96
53;58
16;89
96;24
21;91
29;5
85;77
28;87
13;1
82;65
41;50
69;43
73;99
5;26
79;1
42;15
57;95
52;74
6;8
45;74
55;92
28;28
37;89
11;2
52;100
26;96
10;48
33;78
22;82
24;20
28;54
13;25
89;39
44;1
1;18
34;100
34;67
98;78
96;39
68;70
41;60
40;26
84;64
96;71
58;33
61;77
53;20
15;4
26;58
88;94
49;33
4;52
91;45
61;3
70;25
27;12
36;82
38;69
71;28
43;68
35;67
55;19
22;52
99;10
30;12
74;94
50;67
1;20
23;19
70;2
74;85
62;50
74;78
20;69
14;28
60;2
97;61
10;24
50;72
4;40
63;88
12;60
48;32
31;100
66;27
42;63
94;13
21;26
96;24
98;54
10;74
81;12
96;15
1;93
100;50
68;49
96;13
72;82
73;100
28;11
2;50
73;27
73;54
88;80
1;26
46;31
68;99
96;84
34;90
24;13
44;86
28;90
13;65
11;40
65;84
22;21
90;21
53;38
51;86
52;1
65;82
46;4
81;77
5;57
56;95
66;47
46;94
66;24
16;68
53;98
20;14
99;68
93;37
30;95
82;95
91;80
84;59
59;89
42;39
14;79
36;47
48;95
11;66
25;7
83;71
57;95
24;45
97;99
83;11
39;36
44;86
2;22
71;15
28;5
6;43
100;91
41;68
54;61
44;43
83;77
74;70
84;7
75;9
76;53
80;92
1;8
76;15
14;52
94;72
78;79
36;40
94;56
27;74
36;27
12;80
55;84
45;39
41;13
60;51
93;2
11;82
42;93
19;87
60;59
36;57
82;56
77;58
61;10
17;63
91;33
57;64
37;95
18;72
57;25
3;3
1;4
99;69
58;46
25;14
67;54
19;44
73;64
44;75
66;77
96;60
27;50
86;12
47;68
89;76
26;81
44;75
32;50
56;63
93;89
72;46
12;33
95;8
45;92
48;10
38;43
40;82
41;13
85;29
4;88
76;40
89;33
24;52
27;54
33;48
48;12
11;17
43;90
24;60
78;65
63;9
82;56
82;97
63;30
14;74
86;79
58;47
6;16
9;93
50;33
29;89
19;4
77;38
19;74
4;10
33;74
51;18
6;73
92;55
90;18
57;33
91;96
70;20
46;6
37;45
34;5
27;36
72;42
5;74
17;44
66;95
16;59
54;90
36;77
26;71
21;56
97;93
70;87
11;71
11;91
14;36
44;63
84;29
75;92
77;83
84;56
26;26
47;27
49;28
48;85
84;62
1;52
37;67
79;45
96;34
27;77
57;75
73;99
65;10
23;38
100;44
32;15
16;43
91;66
35;98
79;84
42;46
96;54
48;66
16;66
13;91
37;39
8;10
82;87
90;52
57;66
75;90
36;31
54;63
1;60
95;53
10;36
53;59
39;66
6;60
78;100
9;98
65;11
35;46
91;72
39;97
60;18
35;55
9;64
90;30
30;54
89;77
93;10
63;80
43;17
25;60
93;1
36;34
89;88
54;38
70;50
24;16
83;80
41;48
10;94
65;97
48;13
95;45
12;57
16;72
44;13
60;66
80;35
84;91
78;36
51;53
77;50
32;3
66;99
14;20
95;4
62;16
61;18
51;57
95;98
39;34
67;74
94;17
44;32
56;67
73;50
69;99
53;48
39;92
73;33
13;85
59;71
85;17
81;25
53;59
20;9
98;38
23;34
29;38
64;94
42;56
69;46
48;86
65;76
81;2
27;11
99;22
3;40
49;4
62;76
87;11
46;77
37;5
35;55
54;30
27;59
20;65
15;26
6;16
87;58
4;35
13;38
91;31
71;30
20;83
58;14
90;81
49;67
61;57
71;81
35;3
71;81
43;23
50;72
95;93
99;14
30;65
81;40
17;43
29;82
31;24
74;31
70;38
17;60
45;54
100;84
44;69
55;76
28;45
70;47
74;50
57;58
81;88
98;92
50;37
50;21
45;91
13;54
19;26
13;25
68;22
65;87
84;47
11;41
82;69
61;26
63;31
5;5
79;3
39;88
47;4
47;66
19;78
92;83
3;14
64;28
34;3
46;81
82;66
35;8
4;70
94;65
70;45
92;95
64;82
97;57
6;32
10;95
31;81
61;21
72;41
64;31
94;4
70;14
63;14
19;46
89;8
75;86
46;27
92;85
13;54
60;82
22;14
38;86
56;98
30;68
49;72
41;2
19;11
38;73
49;69
31;19
61;23
78;60
27;74
44;35
11;44
18;69
44;2
9;90
73;21
55;28
15;56
43;13
62;5
31;79
18;57
23;1
1;27
70;64
92;21
32;80
3;92
29;40
11;10
15;62
60;7
5;59
58;22
4;94
11;5
8;5
67;89
55;1
27;6
37;78
56;37
11;56
43;12
50;26
59;89
45;35
13;42
50;69
76;33
51;92
11;99
83;95
68;95
24;60
65;71
74;85
39;63
86;14
38;76
76;99
51;100
25;13
43;58
90;47
54;9
2;23
14;26
67;61
81;92
97;6
60;62
87;22
12;57
48;78
33;86
53;28
5;38
28;85
56;74
40;40
38;53
57;26
17;38
31;63
28;93
93;24
1;51
54;85
76;54
54;69
52;13
92;49
97;72
98;1
41;55
96;84
35;8
33;76
30;97
69;8
9;66
6;96
65;82
49;42
61;5
83;55
63;68
12;49
98;61
34;96
87;12
16;2
90;13
64;14
81;85
81;35
8;13
9;37
30;82
93;63
6;100
87;27
36;99
57;2
95;15
30;57
9;27
6;21
46;16
48;100
8;66
79;48
65;33
1;55
49;53
91;72
42;60
95;100
79;24
29;37
76;86
22;7
36;13
73;78
92;37
77;70
60;100
96;20
3;71
89;90
23;62
45;72
79;94
86;99
94;97
17;28
53;17
46;19
53;26
35;53
21;73
66;76
82;10
82;6
56;3
25;82
92;32
40;45
6;64
27;70
70;20
8;52
79;59
75;71
95;9
79;54
37;92
12;64
75;8
93;13
59;63
32;91
76;30
81;80
60;97
94;70
70;95
93;23
76;50
66;42
64;1
94;26
82;64
16;69
35;46
96;43
26;68
84;49
8;68
21;45
67;71
27;59
40;62
16;16
89;97
88;9
55;91
24;50
39;11
92;35
11;67
40;79
89;7
17;7
11;68
49;39
5;63
67;18
1;14
55;57
56;59
58;90
90;69
39;95
62;53
23;81
31;28
57;38
9;24
93;80
1;33
25;23
94;55
19;76
38;10
87;85
97;30
27;43
78;72
54;58
66;31
14;97
6;13
10;76
96;34
97;19
91;91
53;9
16;39
48;27
70;76
2;31
79;85
15;27
42;38
5;60
4;92
43;25
5;85
77;55
42;74
38;29
44;77
79;76
16;89
41;46
55;4
84;59
43;49
3;90
65;10
79;79
76;66
75;70
51;38
53;36
33;33
84;18
81;70
69;33
100;98
20;90
6;52
36;43
18;3
76;45
12;36
44;1
39;65
53;81
23;70
45;54
12;11
17;95
69;18
27;72
66;31
83;91
42;81
78;62
74;15
25;73
26;11
90;94
60;66
89;87
58;36
24;22
97;33
36;24
61;11
3;54
7;65
62;55
24;68
96;14
92;17
74;32
39;30
23;47
27;12
24;90
77;90
48;66
91;41
91;47
61;20
45;39
90;95
64;7
23;49
5;92
30;22
41;82
26;95
7;10
38;40
42;74
22;26
96;26
6;56
47;47
42;76
58;52
43;11
6;41
39;77
87;83
34;94
78;60
51;63
70;39
53;20
62;19
74;96
57;90
7;5
34;7
59;62
6;33
92;71
43;4
9;35
74;82
33;80
30;76
9;37
44;87
42;65
86;92
23;64
6;21
67;82
51;91
78;4
13;35
84;44
69;99
63;24
93;11
25;20
88;77
94;54
44;21
15;78
47;98
85;96
5;19
41;60
34;29
57;67
99;53
94;16
15;49
79;79
92;44
83;8
37;11
86;59
1;82
59;12
55;10
23;37
68;6
62;3
23;25
54;38
51;74
74;33
16;54
64;98
73;30
7;6
24;39
34;43
9;93
39;71
27;78
17;57
50;83
64;45
61;64
25;24
7;84
15;53
67;68
95;60
59;14
86;35
46;85
52;58
3;95
75;95
81;81
73;2
50;17
58;22
58;65
77;86
30;28
2;25
18;77
46;47
48;37
61;74
11;85
65;9
22;3
13;57
19;72
60;13
30;22
84;29
26;56
46;6
25;56
76;92
34;23
38;63
44;6
62;98
85;77
93;8
56;96
37;51
60;47
93;42
15;29
14;21
43;56
17;93
82;56
73;20
69;22
53;60
19;35
38;71
18;5
100;60
53;8
26;22
56;14
3;8
37;7
23;90
93;18
40;8
60;25
40;3
18;7
92;11
100;47
25;74
83;68
1;40
26;52
73;87
3;27
64;63
80;100
21;86
76;63
82;44
60;94
87;82
56;39
69;68
71;67
27;54
91;39
99;60
7;57
81;28
44;88
58;29
62;93
93;36
26;6
45;66
89;43
49;55
30;55
21;77
68;41
5;16
14;72
9;44
59;46
84;65
22;56
29;7
58;76
57;75
92;6
70;7
58;3
83;5
93;16
8;72
52;96
12;39
1;97
28;93
33;15
7;30
52;19
23;95
83;73
95;50
74;16
4;23
18;93
17;64
49;75
44;70
42;57
29;77
15;77
10;10
24;65
8;18
67;1
90;93
73;14
14;87
70;47
80;96
26;85
75;54
54;12
64;53
85;89
47;47
57;77
49;30
23;65
3;37
13;48
8;38
88;41
77;54
73;58
22;37
43;43
91;13
53;51
4;43
94;12
20;90
82;91
52;67
15;78
78;97
6;21
78;38
84;78
5;91
36;24
84;19
6;97
36;95
6;80
32;65
12;15
61;14
90;17
55;92
39;86
26;9
17;94
44;40
57;51
91;2
87;54
96;63
37;15
64;29
45;23
74;66
86;11
26;20
63;97
13;47
9;25
88;59
11;79
46;38
56;88
55;67
7;47
16;50
75;81
43;98
49;90
65;41
65;78
39;13
91;78
81;83
15;22
68;79
53;64
29;36
60;83
87;26
89;47
92;26
12;74
62;52
91;11
60;79
71;2
97;57
51;33
66;23
9;92
98;66
77;8
18;80
5;54
14;59
35;3
4;51
67;37
41;68
29;6
86;87
14;53
35;83
12;34
1;29
59;63
82;31
5;85
13;100
92;74
10;100
95;49
85;100
26;35
50;4
75;38
71;59
18;4
13;41
73;5
30;87
57;42
43;44
74;27
68;79
83;35
11;79
32;11
13;86
76;88
47;75
22;12
44;6
88;63
88;14
64;76
94;74
32;88
96;32
4;60
15;18
21;80
28;84
38;16
52;35
86;80
100;95
10;55
23;43
56;37
33;23
48;14
89;17
59;22
87;80
13;34
8;57
8;54
82;88
57;33
93;25
16;31
69;90
70;53
77;5
58;17
64;3
23;7
33;71
40;37
50;5
63;73
1;47
12;61
17;40
15;87
61;28
93;31
7;19
28;57
10;76
4;94
82;36
81;44
32;35
13;91
20;55
91;41
82;36
77;97
80;36
11;99
12;11
42;65
70;12
50;11
15;89
12;18
11;97
5;48
93;76
19;33
49;94
55;34
100;64
7;53
54;95
89;17
11;100
62;60
53;58
28;31
6;87
55;48
42;36
60;34
8;79
6;62
17;39
44;89
16;96
16;63
89;7
60;37
90;21
73;38
74;27
68;92
15;37
86;79
88;48
28;62
58;60
53;61
74;9
22;1
4;26
39;70
45;61
50;77
32;80
65;25
35;14
47;12
45;60
81;17
51;100
78;69
59;15
87;84
13;84
83;18
94;62
44;44
5;66
13;41
24;19
28;20
59;14
12;61
66;19
24;50
20;4
84;41
59;7
45;3
30;60
70;82
23;46
8;57
48;53
58;80
24;14
18;12
30;5
60;64
31;25
60;67
54;51
28;70
37;45
43;6
27;52
18;37
75;28
19;71
29;71
18;84
49;87
90;10
44;63
50;51
11;48
29;28
43;12
89;94
87;10
69;3
59;63
8;6
25;81
3;54
27;98
99;17
24;59
49;66
42;86
38;3
64;52
91;31
62;38
8;46
10;66
52;43
3;40
15;55
54;43
89;49
89;6
2;34
35;75
12;6
81;32
43;65
42;79
14;47
71;88
24;55
63;40
95;60
91;88
5;50
18;41
98;40
8;22
35;47
20;98
97;85
98;6
28;64
32;43
93;45
15;98
53;21
44;27
69;80
81;34
63;44
1;31
35;42
51;61
10;16
97;59
7;4
13;7
26;87
68;100
61;28
80;66
40;43
9;98
23;89
49;4
23;40
88;85
84;25
31;35
97;2
34;48
25;52
26;48
49;61
60;25
5;28
62;61
96;59
6;31
4;70
52;76
80;94
68;12
13;44
22;86
11;19
36;86
70;14
93;25
20;86
100;30
97;94
31;27
84;68
12;28
78;4
65;54
1;21
94;85
60;71
37;84
72;10
72;78
44;90
16;40
64;12
91;34
20;23
65;51
41;76
42;25
57;51
91;86
85;35
43;53
27;42
23;69
51;27
69;45
62;25
71;19
50;94
57;90
1;5
88;49
67;9
8;29
21;51
96;90
48;1
53;81
66;80
47;4
64;31
13;96
93;7
61;22
56;25
19;91
75;5
46;84
93;2
88;10
10;8
32;84
15;67
27;47
63;96
7;94
89;31
74;48
16;14
93;29
85;51
72;52
70;9
56;29
13;40
26;46
57;7
44;49
82;91
12;14
15;94
21;99
83;69
72;3
83;60
80;6
96;58
29;29
73;41
78;90
27;51
86;30
72;11
4;45
96;85
92;95
78;37
37;76
80;61
97;4
61;60
12;62
74;94
87;54
80;58
55;6
36;96
80;64
20;95
49;30
41;75
50;58
65;32
45;71
91;12
87;35
78;74
49;92
68;97
44;11
53;28
46;94
96;88
16;68
15;49
91;32
38;100
46;51
59;9
31;40
62;46
39;84
100;73
93;34
3;53
48;7
53;40
82;62
98;67
14;62
69;4
68;27
40;41
51;72
51;30
73;67
15;65
97;60
59;83
97;90
57;80
5;88
14;22
96;83
54;73
45;15
50;58
53;13
20;80
65;29
13;49
78;9
10;15
98;32
80;28
9;57
53;8
42;48
77;50
77;43
40;77
11;1
78;24
92;69
11;5
65;32
83;87
12;19
55;87
56;51
65;24
4;72
77;1
46;99
7;53
93;18
49;31
5;71
59;10
4;12
50;35
48;63
61;84
49;12
52;66
18;24
68;60
76;61
2;54
83;3
97;24
95;12
55;43
43;29
51;27
52;83
32;35
32;82
74;37
20;5
95;56
47;38
44;86
86;54
57;15
42;63
31;81
89;21
84;66
62;7
3;34
35;18
66;94
30;45
98;25
14;36
55;5
56;45
88;63
71;35
47;5
28;48
21;8
78;91
48;45
81;5
35;60
29;36
27;83
40;7
85;81
88;86
69;35
57;39
67;81
21;93
42;90
57;70
2;13
62;17
85;15
59;88
18;94
43;29
49;95
82;70
63;65
88;12
72;5
61;74
57;87
57;26
52;89
29;46
96;45
4;57
5;74
20;83
66;95
5;80
47;46
8;32
43;67
81;12
50;100
26;99
4;27
35;2
63;28
13;88
92;2
61;29
95;83
61;53
26;53
90;36
95;84
20;99
100;49
41;88
79;59
25;74
87;88
37;69
95;17
90;64
53;66
17;22
17;26
75;73
37;4
19;96
42;33
66;64
67;15
71;51
76;4
23;64
49;16
89;40
75;15
2;8
65;21
61;6
59;73
23;57
83;2
89;93
16;44
82;56
36;79
19;33
8;9
14;74
14;41
88;96
68;17
96;85
86;28
55;82
42;41
18;60
78;78
74;93
77;27
65;42
19;43
72;87
12;11
67;79
74;72
38;62
90;28
56;99
69;88
77;12
63;55
44;10
84;15
84;25
45;53
100;36
17;68
73;30
55;7
7;80
37;31
79;35
75;30
4;93
94;18
64;95
85;78
5;55
93;27
31;18
94;88
53;58
55;46
6;54
38;75
38;62
26;32
76;18
63;10
3;20
79;52
100;88
10;47
33;28
72;40
12;30
61;11
61;8
94;6
32;91
89;20
12;3
59;13
18;55
19;93
37;98
7;72
49;22
82;87
16;46
4;36
34;71
62;27
99;17
74;51
33;90
3;87
32;67
54;21
18;34
52;35
89;90
42;69
96;13
41;75
99;40
67;99
52;54
24;86
75;84
17;24
92;25
69;36
79;5
70;68
94;45
54;96
35;66
48;22
78;93
71;16
15;74
74;53
49;58
26;45
44;28
79;5
33;99
47;89
79;46
63;7
78;28
63;63
81;14
5;86
13;56
30;100
4;71
70;22
83;35
16;52
97;4
5;31
12;92
87;13
40;85
28;61
54;7
22;78
13;80
14;82
31;100
9;87
96;87
37;40
10;19
42;9
71;1
95;76
64;27
47;98
8;43
71;51
96;78
64;60
12;16
71;73
19;18
71;21
79;17
93;56
36;18
9;99
4;19
99;68
27;79
93;12
3;47
48;5
60;72
28;76
89;7
86;27
100;14
25;48
86;50
50;97
51;51
95;39
98;65
35;20
21;95
39;38
98;59
97;100
10;92
16;79
94;92
87;97
84;20
39;69
12;50
46;52
89;38
47;70
56;29
6;16
66;78
18;69
71;82
80;75
60;8
46;82
63;82
53;19
95;14
33;40
86;74
15;22
90;42
95;3
44;95
33;6
83;2
82;49
43;94
28;57
54;14
48;6
89;73
49;38
90;33
31;24
29;28
94;12
10;50
7;3
33;83
66;90
80;56
66;39
5;78
22;10
50;39
65;90
86;57
86;84
71;35
28;57
47;58
27;38
23;15
52;61
31;71
81;26
44;5
63;76
76;14
16;91
78;60
97;32
43;74
99;28
85;44
24;68
68;81
82;27
68;40
65;61
2;45
34;89
97;20
28;53
77;95
71;88
38;95
18;31
69;25
33;68
95;56
48;17
30;89
72;80
34;12
47;42
58;54
12;57
37;14
80;64
3;72
8;91
93;51
59;32
95;55
20;15
29;31
68;59
80;9
77;99
9;71
5;73
12;57
41;39
57;12
92;88
3;6
3;54
78;24
10;37
13;17
4;88
25;3
86;72
23;33
25;23
81;70
2;46
64;52
71;26
31;81
13;89
46;62
97;25
86;53
2;67
98;31
44;98
48;49
7;13
99;10
99;75
44;66
94;32
66;13
36;77
28;19
80;92
41;43
5;82
35;28
27;45
65;61
3;59
39;13
100;61
50;70
96;90
35;22
7;1
88;70
64;72
24;10
70;53
90;4
98;90
65;93
25;91
35;5
66;90
27;65
44;83
58;79
73;50
78;60
34;18
51;16
11;99
24;22
26;55
13;58
1;5
36;56
83;68
69;52
40;46
43;34
86;40
23;1
17;11
75;16
100;12
5;73
100;45
53;76
99;21
79;9
52;5
48;41
61;81
90;14
16;4
76;45
91;96
73;54
49;49
66;59
50;72
11;87
39;78
93;84
55;41
55;84
24;51
57;83
22;70
42;2
94;99
32;11
56;72
72;69
79;100
33;11
22;28
49;58
63;75
20;48
15;35
65;76
22;37
30;26
11;88
74;42
78;81
82;76
53;51
25;60
17;89
11;96
40;33
49;56
65;27
32;68
84;15
64;72
2;55
8;17
26;26
41;27
