71;68
49;83
61;76
14;96
45;91
95;12
89;2
25;2
56;7
50;71
51;42
18;10
72;60
14;23
26;43
31;94
25;60
97;84
33;33
64;1
10;64
80;40
58;95
77;62
37;4
10;53
97;34
15;99
97;45
46;85
77;47
90;2
90;82
60;95
63;96
5;13
92;91
11;48
7;6
69;43
90;94
46;25
41;39
8;80
82;18
86;24
10;54
20;70
56;3
43;16
60;42
8;45
66;7
85;85
50;94
17;46
71;8
3;92
100;44
13;89
8;11
34;25
11;85
49;96
86;74
87;66
59;83
20;8
82;70
63;53
78;66
44;24
60;84
69;52
24;84
98;62
96;40
39;77
78;32
58;27
86;59
21;78
32;76
97;26
98;75
19;69
61;11
70;57
26;18
24;12
81;72
38;86
38;91
29;92
13;86
68;17
69;29
30;3
99;94
88;35
79;47
56;89
9;72
69;19
43;61
70;90
95;36
29;43
10;34
55;81
100;100
52;42
5;39
37;13
4;43
6;22
11;45
62;73
30;26
4;35
87;18
62;76
25;57
13;17
85;62
94;17
67;68
94;68
97;19
15;68
58;97
56;87
51;49
51;80
65;89
58;24
63;60
36;30
72;9
37;36
15;19
58;2
39;90
74;54
58;37
7;76
92;1
29;95
29;11
41;83
12;73
94;70
82;94
76;52
84;14
41;42
28;24
54;64
12;87
13;51
69;41
100;55
74;94
56;13
88;78
30;78
26;97
12;64
48;54
72;20
15;95
7;83
42;2
31;97
12;83
38;90
83;3
47;35
17;69
80;51
43;5
29;77
24;45
55;64
97;20
72;66
85;40
73;31
15;32
65;16
11;48
22;95
48;40
38;66
3;64
80;98
50;98
2;80
56;97
23;16
93;38
89;1
66;13
64;48
78;23
73;76
38;93
26;87
23;9
96;58
42;61
74;97
94;16
5;14
81;5
50;82
26;87
45;88
13;77
12;98
89;47
88;55
1;53
97;78
57;33
18;16
52;18
45;62
42;81
33;5
58;20
94;61
39;81
62;90
83;98
34;35
79;35
17;1
7;2
94;56
51;67
92;4
36;55
86;97
77;2
71;71
95;54
97;93
36;33
72;84
5;86
25;8
25;4
2;58
89;57
21;76
24;31
80;46
39;93
28;5
6;89
52;81
55;37
19;93
34;60
87;58
16;31
29;99
47;89
73;85
57;59
50;42
27;35
78;100
36;86
68;43
67;63
44;91
38;22
13;2
88;37
42;25
43;64
85;31
97;72
54;52
16;40
78;48
16;17
39;60
98;22
5;78
32;55
60;42
76;12
47;31
43;52
22;10
30;45
85;10
14;72
55;85
12;61
46;12
92;93
46;70
57;78
90;94
67;95
47;59
40;12
65;89
7;78
72;51
67;99
95;25
32;63
74;23
86;100
61;35
39;23
54;99
46;96
5;67
7;60
96;68
36;44
9;7
22;68
83;91
16;47
92;45
19;87
3;83
75;69
25;35
96;26
46;78
35;78
91;94
70;93
97;20
2;75
40;41
74;46
92;95
33;97
52;15
87;32
44;24
3;21
24;72
31;83
89;56
31;98
42;18
37;55
74;21
18;27
27;74
85;56
20;14
34;65
78;37
37;23
39;90
32;67
49;75
59;80
61;30
10;30
38;59
30;88
16;37
39;56
22;54
85;32
1;55
63;77
89;90
98;19
43;32
22;86
19;68
74;99
1;24
23;80
73;52
87;6
34;4
80;28
32;18
67;97
76;22
55;88
42;20
15;97
51;24
78;13
79;29
60;10
3;94
54;8
92;22
93;75
47;66
88;8
75;9
25;9
89;88
98;52
81;86
13;58
23;58
33;31
57;4
64;9
19;86
30;92
31;60
19;66
13;81
49;46
35;11
95;76
10;61
38;33
49;31
10;46
15;33
24;71
9;50
91;71
39;95
6;17
33;24
15;7
18;48
96;77
88;72
29;16
45;6
40;48
40;54
95;86
19;85
28;87
76;40
83;47
74;85
92;72
98;84
75;70
5;21
100;62
92;65
1;11
80;51
31;83
21;45
29;47
57;62
9;12
47;59
82;39
39;95
20;97
79;59
91;8
67;67
55;64
20;36
75;35
35;62
80;10
16;89
28;82
50;73
50;52
20;41
45;1
51;19
86;86
54;72
95;81
2;3
46;22
37;51
67;83
70;20
39;85
56;23
45;2
49;35
36;98
96;13
85;79
14;42
5;43
8;45
2;83
99;48
75;56
61;57
83;58
64;74
48;75
78;86
87;46
74;63
67;18
36;52
4;67
82;34
61;48
3;15
99;37
84;98
100;93
45;32
16;16
30;67
68;80
22;31
55;59
21;9
14;27
71;91
79;18
100;91
54;11
4;63
43;43
60;90
38;50
42;63
21;37
60;19
76;33
7;40
74;62
90;74
30;55
84;45
21;45
91;71
84;75
50;77
73;3
35;76
51;100
60;32
65;58
23;27
64;86
96;74
51;12
31;54
36;33
49;67
97;15
28;99
96;79
95;9
47;72
6;7
10;9
91;100
91;25
63;26
44;62
72;10
35;59
24;23
40;71
24;15
67;47
49;87
18;73
94;46
22;27
62;19
38;83
10;80
21;77
92;91
80;79
34;29
19;38
37;49
27;74
80;50
27;10
76;73
35;98
11;41
61;41
38;54
39;31
61;43
98;35
99;78
48;93
69;88
8;85
89;31
85;24
57;79
32;49
41;56
57;18
10;6
19;21
58;4
9;60
26;39
100;14
14;12
13;23
99;93
64;49
1;76
88;27
5;12
92;11
34;50
41;94
7;31
28;12
94;19
79;53
2;95
64;5
63;44
44;25
25;43
76;89
1;88
6;59
5;97
22;4
37;31
27;21
42;18
4;1
88;64
41;85
39;46
30;98
10;6
17;33
59;74
33;70
9;17
69;11
30;6
51;28
43;20
40;88
96;90
23;93
26;36
52;40
86;31
15;66
100;2
57;32
82;86
63;81
96;39
33;36
50;12
12;27
80;17
36;19
87;12
68;44
13;20
1;52
2;30
100;73
5;2
29;61
83;74
81;34
100;25
45;100
28;7
48;42
52;54
57;21
69;88
41;46
44;37
39;89
39;98
83;73
40;22
77;75
31;1
16;12
21;34
59;52
71;96
4;30
19;76
54;30
15;39
59;80
70;77
85;84
71;64
54;63
7;59
95;15
87;58
61;3
28;54
50;97
43;45
50;18
13;65
42;11
72;85
61;60
50;43
39;36
63;22
69;52
1;51
81;35
36;66
87;42
26;15
43;25
21;12
62;1
93;28
84;99
96;57
54;76
95;56
83;50
46;8
71;16
11;14
28;73
32;59
53;64
19;53
29;83
78;69
51;23
93;40
59;45
63;26
26;58
7;90
90;38
67;18
87;59
64;40
59;54
19;97
18;24
10;58
89;65
35;28
12;17
19;60
46;20
12;20
64;76
77;55
62;11
65;24
64;29
65;68
87;14
35;6
6;56
89;23
27;47
47;58
22;44
43;44
91;18
72;63
51;20
9;92
36;11
98;20
27;38
80;88
1;33
85;81
42;10
35;94
46;8
4;8
61;76
89;4
95;6
97;8
34;29
76;39
90;43
63;82
71;5
21;20
92;40
8;38
79;8
34;65
17;74
4;71
32;19
2;46
97;90
38;53
32;92
88;52
33;94
91;4
77;53
91;19
38;85
66;60
7;79
96;79
97;100
75;34
27;50
15;13
91;58
5;37
7;12
91;6
13;2
37;85
77;83
54;40
44;31
39;89
49;21
93;19
80;59
14;77
35;70
20;96
14;49
48;11
14;63
78;89
1;89
62;3
81;74
96;9
85;91
22;83
35;14
50;35
72;98
43;13
12;29
66;36
80;8
51;62
13;60
57;15
5;15
60;40
8;26
90;78
18;31
40;75
11;63
36;48
56;82
80;39
77;35
98;75
61;25
37;38
72;34
79;21
60;43
2;47
88;66
8;35
41;50
19;55
13;43
39;38
76;98
70;37
73;18
67;33
79;38
56;92
11;70
89;70
26;85
62;28
44;91
2;31
85;72
8;44
47;35
97;90
27;100
33;45
56;44
78;26
88;18
57;32
42;63
26;49
64;35
17;29
100;11
75;98
70;78
94;28
35;79
9;11
21;11
38;100
79;93
93;30
38;69
94;99
60;1
2;93
40;87
68;86
48;24
68;51
25;35
100;84
3;59
79;74
56;80
60;34
43;50
2;99
88;45
82;46
57;38
24;26
63;68
38;84
67;39
9;88
22;34
100;3
12;6
28;19
14;41
20;11
90;86
79;43
72;68
95;20
8;30
86;47
37;94
81;44
95;43
20;63
79;86
48;17
85;66
100;83
14;5
72;82
47;97
37;6
69;15
64;24
5;54
88;68
89;76
20;71
71;68
72;94
90;44
28;13
47;99
96;85
28;7
21;70
40;68
78;53
39;72
28;23
6;95
58;36
33;40
39;30
37;94
56;83
15;1
36;32
10;52
93;93
63;79
54;83
93;44
9;12
35;70
55;80
25;59
15;36
48;92
4;90
15;12
18;22
71;25
63;7
93;40
19;31
16;95
79;76
32;14
71;35
62;52
93;83
68;87
28;6
98;52
79;88
76;83
15;1
60;89
72;43
16;64
96;100
100;14
78;82
38;87
79;31
53;100
1;38
39;32
71;43
37;37
31;12
24;87
99;22
25;46
5;50
45;16
36;86
96;32
52;81
86;71
83;86
90;4
41;73
37;56
26;84
53;40
13;62
14;17
35;77
88;92
59;25
77;100
47;84
58;29
39;3
7;29
57;18
90;87
20;92
3;72
92;24
53;85
92;4
71;39
14;3
39;1
70;68
17;99
100;32
18;92
48;60
20;36
54;15
16;44
46;48
92;5
16;3
73;84
1;47
16;19
55;96
51;45
6;88
23;13
8;72
42;46
8;44
46;91
54;83
65;74
32;43
41;84
12;59
60;17
52;45
99;95
19;80
45;82
94;94
2;68
95;61
26;53
57;52
72;74
98;80
87;55
12;85
7;43
44;27
40;23
43;9
59;71
46;18
26;42
84;30
2;83
28;11
97;26
31;93
40;97
96;10
32;68
83;12
81;5
91;73
6;5
11;76
96;92
50;36
82;14
48;24
13;52
17;8
72;90
100;97
48;59
49;86
52;86
89;70
8;1
30;75
3;33
77;81
71;1
23;76
25;13
15;34
12;71
98;79
97;83
53;67
78;2
89;89
83;3
33;93
61;52
54;13
18;45
73;57
32;88
31;86
100;24
41;43
67;72
71;20
36;59
45;61
4;28
26;11
24;77
63;88
80;28
86;20
35;23
81;64
36;86
83;7
76;86
6;15
51;59
62;58
74;42
57;91
39;74
44;97
17;3
29;57
53;98
100;22
41;48
40;64
60;39
7;17
15;4
50;1
42;8
49;29
49;71
18;98
29;42
36;34
95;71
30;45
52;30
48;62
39;40
74;32
25;61
48;3
89;11
67;92
9;53
19;53
93;64
97;73
28;27
6;69
75;15
2;88
51;10
48;74
80;1
86;40
28;92
57;96
86;24
99;39
75;42
100;85
34;74
73;58
21;92
62;42
17;50
59;97
40;98
64;29
42;55
67;20
59;87
28;27
96;8
66;2
43;86
12;40
11;51
94;89
79;26
57;87
99;98
67;35
56;54
21;43
18;8
13;13
25;19
57;20
32;47
86;51
70;59
6;22
26;8
67;60
6;88
89;58
55;26
4;2
57;79
78;3
40;43
3;45
24;1
44;38
45;55
33;16
51;62
46;36
51;42
60;14
65;35
98;31
34;57
21;4
62;84
37;79
23;84
43;19
91;65
10;93
82;69
29;9
41;55
91;31
1;90
46;48
60;85
18;8
81;80
54;58
1;99
19;15
68;79
80;29
52;92
81;61
37;53
23;3
38;89
23;29
10;46
36;11
19;61
29;58
38;27
85;19
86;76
11;44
6;13
79;90
19;28
69;5
57;32
31;65
48;100
8;29
15;90
58;51
96;36
61;45
89;28
80;33
58;35
79;40
20;80
89;69
11;10
97;33
80;18
32;1
10;83
96;5
68;83
39;91
54;24
51;100
28;87
37;82
22;31
41;58
39;67
90;61
52;75
46;100
85;71
22;46
40;60
12;41
15;71
35;83
64;70
54;58
68;42
13;50
40;8
100;75
31;53
20;46
48;5
35;87
6;2
21;25
63;76
70;33
32;10
78;2
84;80
84;19
13;21
41;100
27;19
41;39
69;61
89;71
57;37
55;14
19;69
51;27
44;82
84;40
22;87
66;59
92;57
74;70
82;5
50;85
83;14
2;58
18;87
2;11
45;10
74;26
79;3
39;17
84;30
48;81
62;93
47;14
24;4
88;2
19;13
77;63
44;41
26;62
73;15
7;64
13;99
95;13
71;21
18;23
20;84
44;69
74;19
72;80
86;54
99;28
96;51
30;57
17;4
81;94
83;1
1;11
7;32
70;45
42;95
46;80
76;36
44;81
68;19
32;31
13;72
38;38
44;62
30;30
49;47
17;77
22;86
91;84
96;43
67;12
43;81
94;77
21;16
75;57
58;36
15;5
6;3
99;3
48;39
21;77
38;49
24;20
60;49
41;35
36;86
29;61
77;21
67;14
80;39
89;4
1;9
11;82
83;29
93;20
97;65
45;66
28;19
40;83
6;7
57;46
44;39
40;63
34;56
46;70
