6;10
81;77
54;81
46;90
26;38
45;78
32;80
37;28
16;25
86;76
7;69
47;30
36;27
54;45
95;39
100;27
100;78
93;92
98;62
85;8
93;29
15;95
8;49
16;60
83;65
56;3
80;25
86;43
85;47
87;39
22;26
99;25
27;6
40;36
83;76
22;55
39;25
15;23
37;65
45;41
85;73
98;82
44;58
91;55
100;72
20;5
70;31
76;77
48;16
95;92
29;59
82;3
76;86
3;93
96;56
33;31
26;32
28;18
82;80
22;48
46;44
12;53
81;1
14;31
81;96
78;62
64;55
97;16
58;87
60;23
37;76
20;59
13;92
84;83
66;31
72;4
30;27
48;44
30;47
55;48
65;67
49;4
78;67
11;98
44;44
92;61
15;32
62;93
55;58
56;21
42;58
27;98
96;21
10;37
91;80
88;64
54;28
31;8
70;58
19;23
46;15
91;60
47;9
88;79
90;65
64;9
6;30
51;84
98;93
54;63
43;43
60;35
12;14
49;74
71;53
15;36
86;20
5;64
24;18
24;22
20;65
9;70
72;80
100;48
5;11
38;89
68;83
33;66
78;25
16;77
10;21
89;21
95;65
36;92
35;97
11;4
31;38
39;14
98;62
17;8
37;74
72;84
98;39
97;41
69;81
4;58
37;6
67;94
37;27
28;66
81;12
42;43
19;20
23;51
2;71
71;2
89;75
36;86
65;35
91;62
79;52
34;68
78;58
88;63
58;84
59;33
52;5
14;76
94;42
48;74
38;98
52;70
33;35
100;7
47;23
82;88
12;65
19;31
72;100
14;41
25;91
68;55
83;5
59;24
84;6
77;18
31;63
85;11
53;54
77;40
38;33
1;66
15;42
39;97
21;54
54;89
76;39
21;11
62;62
69;33
83;72
88;72
2;85
24;47
37;45
48;93
23;85
14;100
8;1
60;27
44;4
21;70
36;87
42;92
11;3
84;38
36;79
71;82
23;38
21;71
21;22
2;95
85;34
96;15
54;56
84;44
50;28
18;43
65;73
94;39
51;57
49;69
29;88
57;79
24;48
76;49
66;19
15;36
40;75
2;96
44;58
99;63
6;37
69;47
100;88
63;82
29;90
14;34
34;1
39;68
12;63
37;17
22;85
36;26
19;19
18;31
96;75
30;24
93;48
38;1
53;19
42;22
41;83
60;19
99;7
88;99
96;50
47;24
26;38
8;75
89;62
78;50
79;41
81;24
4;67
66;72
71;12
42;59
81;32
22;32
80;62
60;61
80;16
80;84
81;55
74;10
23;81
13;16
45;1
36;51
3;17
2;42
31;69
34;2
53;98
40;94
38;34
53;67
92;26
36;82
3;69
17;36
14;7
88;72
73;57
20;74
65;12
39;46
62;95
42;55
14;68
63;69
18;75
43;15
94;81
48;5
74;45
34;8
55;100
58;85
35;93
34;18
48;67
72;70
13;97
60;51
70;1
87;30
66;58
26;31
73;88
71;100
53;58
75;26
100;72
34;63
79;41
76;24
57;86
10;21
37;48
69;88
74;59
14;44
21;99
52;81
23;98
85;30
38;68
17;98
66;91
38;26
24;73
42;18
26;25
39;48
20;45
30;64
8;83
4;21
66;8
51;32
56;94
7;41
4;34
83;50
79;56
71;65
8;40
41;100
89;54
12;37
80;91
6;37
5;54
100;81
74;69
79;16
49;42
70;45
6;57
86;67
37;66
65;97
82;93
45;53
20;7
11;18
53;28
94;40
44;53
81;34
67;44
44;36
51;4
18;78
57;44
2;97
82;2
49;91
48;68
10;17
74;99
58;56
35;72
26;36
55;10
55;42
89;32
84;86
70;26
18;23
11;70
2;53
53;21
40;88
91;76
93;88
11;91
64;13
20;82
28;66
99;42
83;85
33;56
11;100
63;34
57;57
41;2
2;1
77;10
12;64
33;2
75;69
21;2
70;28
53;61
17;48
5;36
41;19
100;70
79;29
20;86
89;53
39;34
57;41
50;61
37;56
18;18
78;46
24;45
67;51
70;97
72;74
29;18
33;54
12;22
39;88
82;59
89;21
34;82
82;33
50;39
36;50
79;24
54;79
56;41
95;58
83;76
87;76
76;53
33;4
39;3
28;98
7;91
80;77
4;31
40;4
99;51
66;25
13;69
74;19
39;36
95;1
14;69
53;81
88;68
55;3
3;18
79;85
43;26
44;85
89;85
87;21
13;53
63;47
38;8
27;60
55;82
46;38
19;45
85;36
83;56
28;37
23;96
87;38
30;70
7;30
51;49
8;8
51;46
99;7
43;38
50;25
24;79
53;82
77;66
26;83
21;25
82;17
30;100
72;21
99;73
60;80
64;62
95;70
86;65
71;55
40;27
21;52
27;1
10;12
54;9
54;85
25;94
56;51
6;16
6;27
41;25
92;64
16;38
29;37
39;42
8;84
51;4
15;20
6;5
63;32
5;78
15;97
96;67
60;60
48;62
87;65
57;66
56;22
86;73
50;19
57;65
77;40
44;93
69;71
98;41
48;9
66;58
18;18
81;23
37;94
73;40
83;66
14;58
5;31
41;52
2;46
20;66
78;91
81;74
15;85
11;88
44;7
11;99
81;62
100;12
53;55
81;88
22;42
13;86
88;65
80;27
36;89
15;27
44;38
32;84
49;55
38;65
56;54
46;41
96;97
55;52
11;49
44;78
40;78
93;80
35;59
67;100
67;16
25;97
63;90
33;94
65;32
18;90
53;46
66;9
88;63
76;57
92;94
17;15
35;84
5;73
53;95
31;39
17;80
83;21
1;36
71;28
59;87
72;66
5;4
47;39
64;43
98;38
48;88
11;52
18;70
54;87
50;83
40;53
98;71
63;63
36;46
31;1
84;45
31;96
71;87
6;31
51;74
52;1
71;66
74;99
32;54
77;63
15;77
36;6
53;70
20;49
21;6
48;17
33;56
65;99
36;83
11;91
48;14
63;56
74;93
79;44
78;93
32;72
80;86
96;56
84;99
38;29
70;99
87;79
53;73
94;67
84;72
44;31
5;26
29;95
29;13
20;97
56;65
68;2
50;43
88;53
16;71
70;52
47;94
81;95
40;75
81;77
75;46
16;76
15;52
36;64
5;76
6;9
98;62
79;39
26;46
13;70
41;23
63;10
39;44
54;22
99;79
60;78
12;93
87;29
68;16
42;29
32;10
71;96
86;17
32;26
91;46
34;82
29;48
89;11
94;24
94;37
80;16
46;14
21;41
4;77
78;69
40;13
25;30
47;78
39;48
52;97
83;45
90;75
39;56
38;34
52;30
21;16
38;32
57;37
76;5
95;64
86;65
17;76
7;41
14;70
49;73
24;50
23;44
2;1
100;73
70;27
85;25
43;86
7;41
10;26
91;88
58;47
53;28
73;96
31;60
89;8
3;10
16;7
31;83
12;42
37;93
90;45
94;11
60;93
10;36
21;76
46;78
66;5
67;90
16;53
32;64
72;3
39;56
23;73
9;96
6;25
84;65
2;62
55;88
33;41
89;87
12;97
91;4
71;65
20;34
13;42
73;46
75;50
60;82
74;40
5;21
66;26
53;99
97;17
53;65
2;40
89;77
6;69
89;40
14;43
67;12
27;68
98;92
67;64
23;97
10;23
36;70
74;60
86;92
48;51
99;100
86;82
40;56
37;33
63;72
97;38
73;28
31;42
89;81
10;35
99;8
1;62
3;4
90;86
91;6
92;4
52;68
27;6
57;58
79;31
48;9
59;29
23;54
62;22
86;55
56;90
63;12
27;52
66;63
99;29
16;11
53;85
15;56
97;21
83;57
63;95
79;1
32;22
91;15
53;6
44;76
78;60
38;94
73;24
26;48
15;57
37;7
34;35
24;97
57;83
54;73
96;86
22;12
85;70
93;85
82;52
5;52
32;40
57;33
83;36
67;84
34;53
56;62
40;59
24;86
44;19
93;35
14;44
12;66
48;56
6;74
8;49
65;81
67;91
11;18
28;56
32;50
96;56
100;17
84;16
35;55
76;96
18;14
99;82
50;14
45;21
18;15
99;53
39;48
41;60
8;25
27;98
93;64
55;93
50;59
5;67
53;27
71;44
26;66
39;91
8;76
53;96
14;11
11;99
15;76
60;91
62;51
18;3
12;44
47;98
50;14
34;37
31;62
83;46
87;13
37;4
16;65
12;71
21;15
38;64
38;55
2;11
42;36
91;47
22;65
14;20
39;71
76;55
50;65
19;48
36;28
86;14
8;43
32;97
33;13
65;15
78;66
33;37
53;33
23;61
66;95
80;23
74;73
70;93
19;12
42;11
63;57
63;14
87;72
61;13
55;62
57;77
16;34
85;72
82;98
3;15
78;65
3;82
12;93
61;1
91;48
83;15
3;39
13;29
7;35
96;53
31;43
30;51
25;85
83;34
10;44
65;55
22;29
7;97
54;90
96;17
9;46
58;63
54;43
57;20
4;5
41;28
33;30
19;6
87;76
31;80
12;3
36;27
99;99
22;89
80;94
51;55
18;7
99;48
29;93
72;78
2;92
21;57
72;42
77;90
79;30
77;71
31;39
19;47
39;57
28;84
2;97
61;92
92;80
11;40
63;45
87;75
6;72
6;1
4;94
95;7
44;57
89;51
59;76
78;52
42;43
85;81
19;44
23;6
24;43
86;81
38;95
11;89
98;63
49;55
64;24
18;85
60;80
68;24
18;51
94;1
8;64
77;29
70;94
31;85
51;76
20;74
91;2
51;54
76;36
94;41
12;19
83;29
36;51
69;63
21;30
18;60
79;89
53;80
24;77
25;73
60;44
46;81
98;83
25;69
86;24
35;31
61;85
76;9
78;70
91;20
55;20
34;2
74;33
87;90
76;76
38;2
82;29
6;47
57;20
51;87
71;25
88;4
65;26
81;58
50;10
16;34
67;22
57;84
81;71
73;80
29;23
70;40
37;35
16;89
89;35
40;72
48;75
89;77
7;16
3;62
99;46
100;74
77;61
12;69
48;91
63;53
82;97
88;52
29;27
53;74
100;85
42;62
86;63
50;39
76;6
59;63
78;44
17;26
100;67
4;11
73;53
45;67
25;47
89;88
77;58
11;53
89;80
68;5
56;13
48;64
89;83
97;40
46;26
51;39
12;4
44;90
80;30
79;59
55;84
58;58
29;20
74;86
87;31
74;68
40;27
41;68
67;73
100;94
68;75
29;54
44;71
48;32
50;68
18;8
73;84
96;29
40;7
39;96
79;97
49;81
10;34
69;56
100;65
30;42
100;57
58;52
68;25
91;18
56;81
13;17
15;54
82;3
19;57
67;13
73;84
3;83
95;100
18;56
3;74
44;29
48;64
14;5
99;39
54;26
94;57
39;11
73;29
56;9
47;79
62;12
87;96
49;25
84;28
69;3
33;96
53;81
97;75
93;72
53;30
42;79
3;46
44;29
56;53
60;90
31;58
13;33
37;80
69;87
85;7
48;71
21;78
100;88
32;79
76;54
61;91
36;60
37;41
19;93
38;6
30;18
94;94
92;78
99;93
80;14
89;32
2;19
93;35
16;34
93;78
48;93
55;93
8;5
100;51
15;79
71;28
75;33
6;74
21;86
63;7
91;51
93;94
6;73
62;64
71;73
71;65
1;84
49;86
41;46
32;71
8;17
53;13
40;56
77;77
24;65
34;15
75;80
86;11
17;78
4;75
7;94
33;49
44;69
54;89
44;2
30;69
5;92
12;45
1;16
13;29
10;1
46;24
60;42
3;8
34;22
84;24
68;31
87;74
30;95
36;79
95;69
58;3
34;44
86;22
80;71
55;20
67;53
33;9
64;47
9;44
97;8
12;89
46;56
91;58
93;42
33;71
21;52
59;70
33;98
70;53
38;43
100;75
45;67
31;41
54;12
92;23
68;32
42;69
88;29
25;91
49;52
37;48
43;54
99;38
89;78
73;5
7;84
11;30
29;78
38;95
55;8
62;41
62;17
68;2
31;47
49;15
7;72
73;14
71;98
17;38
47;90
1;91
10;29
59;1
22;55
15;41
22;37
39;93
54;70
49;48
95;61
94;75
79;93
15;26
25;20
37;25
3;15
90;71
32;19
97;44
67;68
44;9
53;36
12;8
37;35
96;93
100;7
55;35
69;35
23;45
59;100
27;61
92;41
76;81
85;51
40;70
8;56
42;59
49;85
18;18
30;7
78;79
75;28
86;55
10;72
11;7
88;90
27;52
78;90
54;74
20;50
49;30
5;72
96;4
92;70
14;28
79;41
91;42
35;21
91;78
15;20
33;41
94;42
58;25
90;72
80;15
100;28
93;81
83;32
55;98
100;77
26;95
64;37
40;14
21;48
65;4
9;95
71;29
1;46
91;41
32;57
4;57
22;93
58;67
41;62
86;90
10;30
78;74
5;70
3;64
56;14
58;25
66;99
67;5
48;13
31;78
88;77
1;7
1;100
61;24
13;96
46;58
77;63
8;87
71;14
11;46
30;2
88;25
13;79
51;8
85;30
45;37
52;42
58;38
12;33
3;85
7;28
64;47
87;43
80;19
89;60
97;38
32;96
86;37
40;42
53;59
56;52
39;56
28;93
57;90
40;96
12;15
44;29
31;79
38;51
32;62
80;37
62;46
34;86
74;62
83;6
32;97
99;66
22;2
99;49
91;58
34;79
83;73
100;23
22;34
47;80
72;51
47;38
16;86
29;13
41;61
77;80
92;29
60;79
5;56
66;91
50;11
67;53
100;75
63;53
24;26
44;46
68;13
52;5
56;48
30;59
98;31
90;30
86;56
14;91
5;36
94;9
82;1
54;90
83;77
50;30
27;63
51;96
75;18
76;89
86;53
34;28
94;42
29;48
87;7
2;69
72;69
93;97
86;20
50;17
53;86
70;46
62;38
58;35
5;68
77;81
57;27
9;30
65;92
59;96
86;5
71;67
31;90
15;81
65;77
85;42
81;8
14;58
17;37
88;16
93;46
86;98
2;78
1;66
42;28
94;89
2;70
33;64
29;4
72;85
89;73
26;58
39;12
29;99
67;5
16;55
94;8
98;28
51;70
69;32
53;26
69;17
97;37
53;68
31;68
99;39
22;13
64;16
72;55
41;34
17;61
24;98
42;51
5;62
93;75
91;19
100;27
49;42
11;28
48;69
25;20
1;1
35;65
12;90
97;92
40;36
43;20
87;96
76;96
68;40
58;96
100;98
31;51
11;62
37;80
88;31
7;45
64;40
81;68
91;53
20;81
66;4
29;60
12;95
87;67
30;94
43;25
7;71
95;11
2;76
91;23
84;67
33;1
18;54
72;32
63;97
31;60
67;18
81;43
97;69
92;90
22;20
57;13
45;10
94;44
65;67
37;30
63;46
84;59
7;25
97;59
34;89
78;55
86;92
71;68
45;89
10;15
16;59
35;15
86;68
81;7
83;56
20;53
96;77
55;21
73;42
99;53
96;82
47;52
20;78
22;93
88;24
47;87
69;66
89;19
76;29
76;100
23;88
68;41
53;20
19;24
12;13
78;9
38;7
40;95
90;5
56;72
93;19
83;73
86;76
40;36
47;85
50;100
26;8
66;10
99;72
18;43
98;87
55;9
80;47
95;1
62;58
88;31
19;25
30;45
79;98
2;29
63;66
56;28
80;54
40;3
8;6
83;80
27;7
73;71
64;88
21;52
17;99
15;78
45;27
98;11
37;52
23;56
29;93
6;4
53;13
42;12
88;4
46;45
32;24
63;8
42;75
92;95
63;60
16;80
3;43
64;37
83;53
44;9
99;94
72;96
68;85
31;26
93;21
26;18
34;99
36;97
50;18
85;50
42;29
23;29
72;80
91;97
12;66
94;75
