80;24
43;84
17;54
91;49
72;64
48;55
34;7
90;39
78;75
20;25
9;65
28;55
13;45
21;45
87;51
83;49
94;82
64;28
75;79
64;7
79;6
80;17
70;90
58;13
30;33
65;69
42;26
60;36
46;46
26;13
30;77
45;9
85;3
48;64
99;77
54;57
82;57
70;28
68;66
46;23
97;5
100;3
66;13
57;8
51;90
56;83
56;6
49;50
58;36
55;51
35;83
98;94
22;99
92;15
28;56
75;75
4;59
40;92
78;74
41;94
63;82
11;3
72;21
83;2
3;97
54;63
44;29
56;23
26;78
63;19
98;51
95;14
81;89
92;9
34;41
45;75
99;6
62;83
42;81
2;92
3;83
19;5
17;30
36;84
28;42
27;31
77;47
89;100
2;87
86;79
89;5
49;7
39;25
71;85
56;33
58;19
9;14
11;50
35;73
59;75
81;97
41;16
29;81
44;24
96;30
91;90
8;31
34;60
16;83
56;66
11;42
82;15
32;1
93;58
2;70
67;45
38;53
36;95
69;36
9;34
80;93
100;77
57;96
19;7
16;73
66;58
33;26
66;44
67;42
88;55
77;99
90;21
19;56
52;93
92;96
53;4
63;100
80;21
2;77
94;98
72;8
47;53
56;14
56;28
96;84
16;80
7;23
57;39
60;64
70;8
85;11
15;83
20;73
7;25
7;89
22;27
5;39
4;29
46;10
83;69
75;95
86;53
60;16
49;92
42;1
62;26
78;37
37;69
59;34
95;52
35;21
79;51
79;46
20;15
12;12
79;83
15;44
68;59
67;41
35;42
53;49
79;17
84;63
76;10
58;50
87;17
22;5
28;27
97;79
33;59
65;17
29;10
89;22
33;28
39;51
61;8
42;86
16;93
86;48
69;53
13;24
79;41
93;72
32;53
93;94
30;32
18;39
28;32
99;12
100;6
95;60
30;34
60;89
19;34
16;10
89;18
58;4
18;14
10;2
73;16
16;86
85;14
93;52
44;55
80;56
75;82
40;64
98;89
17;77
26;72
26;70
64;89
49;42
72;68
31;62
29;29
94;1
81;76
74;24
86;70
77;53
98;66
41;77
19;60
50;92
18;81
73;41
25;47
21;69
90;32
15;8
54;47
98;47
19;6
44;77
63;66
51;5
41;3
64;33
30;49
64;9
3;46
54;43
15;60
24;39
52;66
93;4
14;60
96;36
17;73
66;90
74;18
86;3
8;95
85;54
80;49
47;16
81;35
5;98
97;89
87;42
33;26
5;2
6;26
11;88
37;29
78;33
5;78
84;85
59;20
18;43
84;31
57;72
49;69
29;44
16;60
99;28
74;69
28;78
88;70
36;23
46;89
98;43
46;18
50;9
53;1
33;66
87;3
35;10
26;5
95;73
27;78
63;31
89;76
49;48
96;34
25;50
37;75
62;56
22;57
36;25
48;9
56;97
87;89
55;29
48;59
1;69
13;8
13;21
29;71
76;29
79;11
35;55
43;54
78;50
54;36
86;43
59;37
8;100
61;25
41;98
46;46
67;59
4;34
66;51
28;34
27;35
18;91
92;51
90;61
27;79
52;94
30;53
17;29
9;25
75;34
73;19
53;80
20;40
12;63
1;9
70;20
37;9
33;68
13;53
57;74
36;19
26;63
74;45
25;22
2;8
43;32
97;95
73;37
50;23
97;51
44;76
16;85
94;90
60;25
83;44
22;28
76;62
43;21
46;49
57;68
94;52
13;32
61;49
45;76
84;86
92;88
74;12
46;62
11;60
72;26
27;13
92;75
38;45
80;24
83;65
36;80
89;2
62;13
33;10
12;99
39;38
87;27
76;96
16;97
94;58
13;96
26;77
64;64
61;72
84;29
42;34
25;37
90;88
69;64
69;2
78;94
43;42
63;8
36;77
6;72
46;67
12;15
92;8
81;43
53;16
79;53
47;84
4;26
78;56
3;28
53;44
80;3
10;68
34;96
85;91
30;16
6;14
31;53
47;57
31;100
25;55
17;15
64;37
85;41
93;36
44;43
24;67
57;99
5;37
56;14
60;77
19;86
75;8
57;11
24;67
74;90
17;18
90;74
34;16
64;8
33;94
29;12
92;70
100;91
62;55
46;49
47;85
60;91
83;92
21;78
36;90
79;1
62;38
86;18
69;30
79;41
3;34
31;49
34;96
57;18
46;84
11;29
11;97
88;98
38;21
51;7
71;77
62;86
6;73
85;90
90;70
78;94
36;23
42;39
44;50
36;31
99;25
94;76
3;80
65;68
75;90
32;14
31;43
40;86
3;73
3;74
24;40
85;31
16;59
97;21
80;21
8;62
86;99
45;11
46;57
94;12
37;62
14;65
88;39
88;25
42;93
78;42
20;11
73;37
49;33
96;51
53;99
75;16
75;77
90;9
47;72
90;95
88;47
89;27
46;86
25;56
96;37
97;48
46;69
63;7
62;94
34;91
82;41
65;2
84;82
2;23
32;60
4;91
26;83
25;95
38;55
72;10
94;70
67;92
24;14
33;39
70;89
24;13
81;7
87;82
20;65
22;27
85;61
61;15
85;69
64;24
81;87
12;65
54;43
33;41
78;88
89;57
52;74
7;76
90;7
68;36
60;29
64;47
24;75
35;24
98;35
63;28
48;26
51;94
20;33
8;55
15;97
90;13
74;66
17;11
59;69
69;7
69;10
73;65
96;23
46;95
94;52
10;68
69;58
26;75
48;61
23;38
1;90
58;17
97;57
47;93
24;24
14;83
3;51
40;18
52;55
57;73
45;39
36;38
9;62
18;97
20;49
35;45
11;49
16;9
80;59
69;26
73;56
4;19
71;52
12;95
32;52
94;56
4;34
50;52
100;70
68;1
84;85
38;23
77;72
69;89
61;7
94;73
96;4
80;88
45;84
85;66
40;71
38;25
65;14
99;74
13;26
6;100
43;79
93;66
61;73
33;3
71;52
31;97
54;72
88;74
91;43
63;37
34;59
20;30
19;84
32;34
82;72
1;84
57;1
92;6
24;4
78;9
95;71
3;76
54;38
13;92
23;20
65;42
81;94
26;54
81;93
89;4
34;42
6;82
33;22
97;76
63;39
89;31
23;88
81;44
60;64
87;7
89;3
28;54
49;96
80;57
94;65
63;48
86;72
32;35
62;33
24;7
69;17
22;11
76;11
49;32
15;85
49;89
16;6
78;33
92;38
38;16
16;37
8;4
87;44
29;96
86;53
59;70
75;20
8;23
42;78
27;31
25;28
15;80
21;33
43;56
82;95
76;31
73;67
74;50
30;17
3;83
19;51
80;36
13;58
17;95
92;77
1;21
97;83
59;80
93;84
12;68
91;8
19;57
41;23
11;59
21;62
33;100
10;65
61;24
55;31
68;35
14;82
26;26
16;61
99;90
92;59
29;51
50;11
66;97
3;89
2;17
91;69
20;81
46;13
60;71
48;91
35;14
2;69
22;43
69;31
48;53
61;23
95;94
79;18
39;61
13;56
82;95
95;63
9;99
77;21
94;69
28;65
32;26
100;48
19;66
86;71
90;24
64;44
31;36
100;63
32;20
64;10
82;98
86;70
37;3
99;90
45;73
20;75
71;96
93;99
27;8
72;73
24;8
4;4
43;79
50;98
3;13
3;52
48;20
49;47
43;90
64;11
92;20
33;5
33;1
21;47
88;52
88;12
15;46
64;6
47;5
60;15
22;49
92;63
66;84
79;15
46;76
62;44
35;90
84;8
38;50
59;9
56;33
51;38
41;17
40;89
53;58
97;13
23;5
51;95
54;95
20;3
93;18
94;83
89;100
25;85
32;99
75;32
41;61
4;52
52;21
9;18
9;84
8;19
83;29
88;18
96;94
68;93
81;21
93;77
60;66
57;92
48;62
26;72
98;96
23;81
2;64
90;50
28;70
87;58
31;73
55;58
7;31
65;86
24;59
87;76
41;85
14;48
78;39
44;13
38;51
95;65
17;68
87;86
8;32
66;29
47;64
79;46
42;10
50;100
74;84
82;76
17;12
40;17
62;69
38;100
53;3
67;33
65;10
80;91
92;56
64;45
26;32
41;94
40;1
49;19
45;33
40;31
12;49
1;44
24;47
19;79
29;69
8;78
98;23
97;81
25;11
82;41
4;81
40;81
87;82
70;1
67;54
59;89
60;54
98;32
31;41
23;60
28;88
97;45
6;69
65;1
100;51
75;27
89;73
74;76
60;25
97;34
35;63
63;49
18;63
23;77
62;34
73;18
32;7
70;86
75;32
14;27
27;36
20;69
30;7
54;33
5;77
31;90
34;59
65;79
68;12
97;15
72;19
37;74
41;35
56;23
89;65
43;49
6;58
41;53
14;23
30;91
43;100
13;54
64;13
1;88
39;55
99;57
43;49
71;81
14;99
77;98
80;27
62;55
95;37
46;32
3;17
49;38
20;88
43;7
66;78
95;25
29;48
26;85
41;68
31;25
86;21
60;100
42;70
65;5
16;68
72;17
84;20
13;76
52;70
94;41
57;93
34;53
58;60
43;9
37;63
37;16
72;57
80;69
23;54
54;76
48;3
79;93
45;70
94;13
85;100
64;84
34;59
35;52
9;2
41;61
5;40
58;87
20;82
61;58
74;82
97;54
28;47
73;27
78;22
74;75
98;23
44;5
93;100
100;80
29;33
13;4
59;61
99;44
44;63
68;65
49;52
94;75
64;55
57;30
94;91
41;16
41;3
3;40
27;89
87;8
78;8
10;55
29;88
33;31
25;90
32;68
80;17
26;49
9;26
7;25
15;66
24;52
31;69
53;61
6;3
92;97
60;56
5;59
69;61
4;31
84;85
28;95
27;62
89;13
28;6
85;56
12;23
12;83
24;89
34;100
66;6
73;64
86;47
24;48
23;2
89;39
31;7
45;27
33;99
31;28
61;93
24;53
90;94
78;27
35;60
36;42
10;16
33;7
87;75
68;39
12;79
59;39
33;80
8;30
29;50
55;6
77;37
63;39
97;3
74;60
43;55
41;16
54;39
50;56
3;87
79;19
80;78
70;37
19;88
37;99
70;62
42;2
25;58
80;99
28;61
30;48
31;3
23;28
1;47
34;38
18;92
5;44
49;30
37;88
48;73
9;66
23;42
30;88
10;63
90;93
45;48
20;29
12;76
71;78
24;11
16;41
62;89
53;78
53;49
67;43
99;1
78;73
30;44
80;8
70;51
59;66
31;57
18;95
93;12
72;100
53;87
85;95
72;15
53;58
74;22
42;31
9;43
92;71
7;86
85;1
80;42
16;94
40;10
32;56
8;49
15;50
11;61
64;83
35;93
38;94
74;24
30;41
39;11
11;76
40;5
18;11
16;83
24;37
47;91
71;8
17;43
29;19
12;38
53;11
50;96
74;59
21;61
20;66
97;69
4;57
61;95
15;26
96;23
14;43
25;48
35;8
48;62
15;56
94;91
49;39
86;14
19;52
63;71
74;15
71;2
24;94
75;72
91;26
67;28
47;50
97;29
53;71
35;96
95;97
63;3
62;41
47;66
53;33
85;100
41;65
49;15
63;98
9;16
77;63
31;25
69;72
38;59
86;74
34;28
48;44
97;72
13;45
72;88
62;60
62;91
53;73
3;22
55;34
65;58
2;48
13;81
50;12
2;55
79;7
81;67
83;58
40;47
62;75
46;60
24;15
7;18
15;29
91;54
84;3
90;97
3;15
60;74
56;3
34;48
4;59
49;45
47;76
57;94
46;55
52;30
48;10
37;31
4;7
25;66
17;10
48;77
91;49
29;57
92;38
55;73
15;53
12;12
38;65
71;40
42;73
64;31
83;10
67;97
70;52
34;58
45;79
72;52
53;49
11;22
70;61
47;42
17;26
25;98
79;83
21;57
7;48
20;74
18;68
44;67
71;54
15;75
99;93
81;68
100;72
33;81
30;79
72;33
56;23
2;62
87;56
92;89
50;48
47;59
57;53
10;87
21;89
93;28
38;83
78;56
44;13
34;60
54;82
31;42
74;81
18;30
3;69
95;16
11;17
95;60
47;79
1;58
19;38
64;52
40;76
29;88
82;8
56;54
23;17
81;69
29;7
71;12
53;37
83;70
4;34
23;17
76;53
87;14
92;4
63;88
11;6
48;11
57;67
85;6
19;27
58;72
76;58
73;34
24;49
99;13
50;64
48;57
11;2
98;99
39;5
15;53
44;55
29;36
54;59
78;96
98;79
33;66
15;39
45;2
9;23
83;17
95;56
5;2
62;77
69;75
91;9
41;67
66;78
78;81
77;37
13;13
21;65
1;78
45;54
55;23
85;22
62;79
82;26
63;96
52;98
26;13
45;45
37;70
41;18
71;81
8;23
19;46
89;8
3;93
76;13
51;44
76;95
94;91
25;21
89;20
83;60
67;7
86;99
84;43
48;58
22;4
89;89
73;38
70;17
43;55
73;32
20;65
76;33
51;69
29;97
83;47
11;16
74;95
59;30
53;18
70;60
60;57
17;68
12;84
86;70
25;85
68;70
26;55
72;44
74;25
94;93
36;59
84;83
27;28
43;91
70;7
10;88
72;73
77;17
20;61
50;36
63;76
84;23
54;23
91;11
90;21
57;46
82;58
16;28
35;64
46;42
89;12
78;10
89;87
96;72
54;44
7;78
21;66
14;76
17;77
91;27
64;40
91;10
22;77
38;92
35;45
70;8
35;51
92;11
33;51
78;38
12;52
20;81
84;54
71;3
41;75
86;73
24;64
50;15
94;34
60;17
72;67
63;86
100;90
42;98
43;50
40;70
3;6
43;36
58;93
99;60
72;41
17;61
37;6
79;32
22;70
96;87
95;30
27;40
66;60
6;21
87;80
74;31
26;18
98;16
16;78
71;69
70;97
89;66
73;71
75;24
44;86
9;24
58;92
41;53
6;66
82;36
30;67
2;90
24;92
71;77
62;43
63;98
36;98
36;92
41;62
29;92
9;37
69;85
81;16
63;48
59;84
43;99
90;1
76;47
40;47
5;42
7;8
13;63
91;82
58;18
74;51
35;43
70;11
52;38
72;48
48;100
31;71
63;82
19;92
91;23
70;58
42;7
81;54
38;29
19;17
63;52
77;69
1;42
66;21
92;28
71;51
31;15
50;95
12;2
98;3
97;28
29;93
54;77
9;59
66;89
31;5
33;14
17;11
70;12
44;39
10;77
65;13
54;90
13;26
60;85
12;84
58;64
17;49
12;74
39;38
60;60
67;64
2;60
80;98
84;24
49;51
36;14
49;6
42;94
60;48
19;35
7;48
75;2
21;95
86;76
42;46
57;44
84;49
77;3
85;30
82;78
41;61
31;21
19;5
31;57
66;44
12;45
9;69
2;5
99;86
28;45
77;100
9;30
74;88
42;89
56;27
79;63
18;90
15;83
57;96
88;23
82;65
46;75
33;69
41;25
65;87
41;92
1;31
63;32
64;31
63;100
34;99
39;85
39;56
98;92
65;50
67;3
29;2
91;46
16;69
2;53
12;94
7;92
98;91
30;81
67;98
76;13
79;53
73;33
56;92
82;39
67;17
26;60
80;14
63;43
7;19
7;16
54;28
43;70
95;10
74;15
68;92
4;26
25;48
3;12
59;75
63;73
20;47
4;15
21;41
41;3
42;99
72;8
27;74
100;99
15;6
93;13
13;9
5;71
74;6
59;33
15;3
59;92
94;97
21;17
10;71
75;12
93;32
85;82
76;78
59;80
55;66
52;39
39;53
93;55
32;66
60;71
68;15
96;14
97;74
32;69
65;78
3;24
19;25
27;56
47;90
66;24
12;69
94;60
64;12
26;90
4;43
35;70
63;10
18;61
68;91
23;90
71;85
67;29
92;91
43;89
39;75
73;35
59;6
38;55
65;48
21;82
92;17
17;41
26;18
94;73
74;65
95;98
28;59
63;17
56;10
4;8
77;48
97;91
71;20
59;18
62;69
4;13
31;14
97;6
66;23
20;71
87;67
46;46
63;29
3;80
63;35
7;19
31;46
90;32
91;17
44;89
66;48
65;51
89;71
93;27
4;14
64;73
45;80
73;77
64;39
88;41
80;44
94;28
67;28
73;7
68;31
77;81
19;59
68;92
20;78
45;52
42;2
67;68
56;8
85;32
41;81
30;31
63;35
57;55
41;83
76;39
48;40
66;6
84;10
29;80
59;95
6;78
18;40
14;20
49;45
22;41
71;6
98;16
99;83
30;66
5;41
53;13
50;48
53;83
31;33
96;79
82;70
98;18
5;40
85;54
35;20
99;27
62;57
97;95
93;83
26;10
12;53
45;61
11;97
92;82
88;100
89;45
80;25
70;37
29;58
19;15
50;15
85;71
6;78
31;75
21;4
51;59
67;79
84;62
4;100
41;44
27;56
28;88
18;31
74;57
93;81
27;28
2;10
93;40
53;67
61;27
28;73
8;80
5;68
46;24
90;47
29;95
65;99
90;44
22;68
70;15
31;76
69;3
4;13
11;30
49;20
43;62
20;12
59;28
18;9
2;28
22;27
11;11
94;8
92;42
41;19
32;52
12;93
70;50
89;70
7;100
37;56
85;48
50;47
32;92
94;46
60;37
49;100
1;84
74;100
36;88
44;28
79;43
52;41
77;31
55;39
60;58
28;21
9;75
29;37
12;52
72;8
52;95
7;4
89;63
47;41
35;69
44;97
38;62
29;83
31;85
82;8
10;50
28;86
51;26
93;52
97;47
50;51
82;22
26;33
22;3
16;25
10;77
97;71
89;95
10;51
10;25
84;33
36;5
8;19
16;6
51;24
33;81
12;11
33;13
70;53
18;64
47;81
7;42
48;91
63;98
98;22
84;40
3;26
6;87
54;67
82;61
78;3
66;21
23;96
42;12
91;53
37;27
95;26
2;9
84;74
24;59
51;79
86;30
62;12
90;61
40;88
38;90
87;53
60;66
77;85
79;78
70;99
46;98
82;49
38;40
44;93
100;59
89;47
21;5
74;87
94;100
33;69
32;94
74;82
12;14
32;20
4;86
77;18
100;69
82;13
44;31
70;77
49;28
56;93
7;89
40;46
18;67
77;97
36;68
93;81
61;20
65;11
25;3
37;49
98;37
76;100
66;54
91;51
44;18
90;83
24;76
73;93
55;90
8;98
75;81
51;20
12;11
91;100
15;5
17;53
48;16
93;64
2;13
60;93
66;23
45;35
45;86
84;10
36;90
98;48
80;15
61;76
28;52
5;6
72;65
85;38
22;79
39;18
70;11
2;71
78;87
55;100
79;47
43;27
29;66
25;92
48;90
24;45
17;92
14;31
41;30
75;56
15;41
59;6
91;74
28;16
58;5
81;11
47;57
88;78
29;9
76;87
12;63
79;33
27;20
41;25
51;70
91;83
66;92
7;25
56;19
99;44
93;77
35;64
91;24
44;54
3;33
35;43
65;57
24;76
52;73
73;21
47;67
76;54
90;41
6;67
19;73
70;58
84;83
39;28
11;61
98;40
20;68
93;47
87;22
48;37
61;95
30;32
68;74
1;82
31;80
61;82
64;54
89;33
19;45
45;12
81;79
21;86
23;44
73;22
55;68
40;45
82;26
33;25
24;81
45;26
96;2
81;8
69;70
92;8
98;19
55;2
39;23
28;69
3;37
54;34
32;79
55;3
87;40
10;21
74;67
43;56
53;48
35;73
22;11
20;75
12;89
37;99
9;31
13;29
94;27
98;68
73;20
3;31
91;14
14;40
100;94
2;65
5;90
79;59
46;82
21;17
11;45
46;58
9;37
36;76
72;54
66;60
96;28
64;8
44;16
3;9
35;16
4;1
4;25
70;40
40;98
73;56
2;29
72;55
51;55
64;47
96;20
72;33
41;13
64;30
4;89
83;35
21;100
64;37
87;32
6;21
28;93
8;19
95;13
36;48
45;69
98;52
1;48
4;22
98;77
84;12
59;99
27;44
18;53
45;29
90;65
60;88
5;46
36;6
16;74
80;91
77;5
96;92
16;40
67;98
81;62
41;36
93;85
11;11
79;9
38;17
8;97
15;78
72;18
42;66
65;93
12;67
13;13
92;59
40;50
59;54
12;82
19;76
73;12
88;24
61;80
14;61
38;68
27;18
91;23
92;10
100;77
26;67
34;52
73;97
74;74
36;72
56;30
64;29
87;10
65;29
47;26
97;43
56;23
87;39
17;59
83;71
7;48
30;100
70;75
30;49
96;92
34;88
69;63
18;52
70;30
74;94
11;67
62;84
20;22
70;87
7;88
51;36
72;50
61;96
32;17
51;42
17;55
40;58
88;44
27;24
99;97
32;67
71;76
34;90
52;22
70;44
71;6
33;57
7;99
49;9
30;74
87;6
53;46
19;85
32;5
27;38
35;67
36;19
66;11
56;99
95;73
5;16
59;54
92;71
57;81
18;78
50;12
84;78
4;87
5;45
69;75
98;22
17;47
46;27
75;89
36;58
71;12
49;36
26;97
38;17
87;13
85;45
29;81
71;22
30;52
23;79
79;10
30;87
85;13
25;89
75;100
92;29
78;17
12;76
98;93
76;27
4;42
70;39
51;73
17;42
76;97
2;53
83;92
28;23
60;98
26;74
99;18
56;72
80;36
95;57
44;28
45;21
59;17
69;96
4;59
96;58
22;72
50;4
55;26
73;23
41;11
33;93
56;71
44;1
27;55
48;35
7;84
97;99
89;77
4;19
20;10
3;69
53;56
32;23
17;58
15;99
73;49
43;53
44;95
85;54
66;14
70;57
56;29
3;95
18;92
76;64
61;26
65;96
4;52
82;99
96;37
100;25
78;16
21;64
47;91
68;24
98;18
56;10
81;12
85;59
29;95
65;17
42;90
79;65
97;10
23;61
27;51
50;44
4;46
71;63
77;19
18;88
28;98
94;66
81;92
80;14
55;75
31;76
93;84
52;90
30;5
22;11
65;88
77;11
37;83
4;59
24;77
45;74
88;37
74;99
29;95
32;69
74;5
65;99
87;8
33;65
16;71
15;7
31;61
69;91
33;44
19;26
97;91
85;65
81;59
78;63
6;38
94;88
60;87
14;80
87;17
32;39
86;45
41;2
27;6
6;50
87;69
65;54
5;40
3;86
90;19
98;16
23;22
74;69
69;8
88;90
94;90
37;36
48;9
17;100
34;10
64;84
84;80
80;45
73;22
66;100
53;42
68;3
47;16
41;50
33;69
70;33
49;3
63;97
91;29
72;97
13;62
77;3
81;27
54;83
41;69
91;52
36;31
37;66
45;18
65;60
96;55
46;60
63;11
24;47
84;95
48;89
46;35
69;58
66;93
54;13
1;18
61;31
80;99
89;54
98;88
96;36
16;20
84;69
76;18
45;1
39;56
22;22
36;12
5;13
86;66
25;46
32;87
14;98
4;80
30;93
69;9
36;71
53;3
47;4
34;7
12;45
64;52
59;3
5;24
31;17
41;95
95;47
26;35
55;90
74;36
24;42
33;77
17;77
70;90
34;59
98;89
72;41
36;14
49;55
100;54
28;76
42;73
44;13
49;27
25;75
41;21
45;54
73;61
9;41
90;17
56;63
27;68
19;73
66;61
30;57
56;51
66;4
98;5
43;46
95;34
25;97
95;19
44;12
79;56
85;40
22;86
85;95
23;43
75;6
92;36
93;28
16;18
45;66
43;25
86;42
61;19
47;24
62;34
40;2
45;88
47;63
17;94
35;77
79;27
87;36
24;92
78;10
89;78
31;53
77;96
94;98
69;42
46;68
10;29
57;67
81;79
30;49
65;40
37;78
2;66
54;90
75;46
44;71
18;100
35;15
20;13
39;25
41;92
73;42
44;2
5;21
55;29
82;13
21;11
87;52
71;94
20;30
15;65
94;86
1;56
83;25
74;20
11;100
97;10
55;23
41;59
44;85
42;7
70;21
11;100
76;40
8;70
20;26
5;56
50;48
80;37
14;73
80;76
82;5
35;33
26;98
8;60
27;4
61;83
83;80
75;98
48;17
4;38
16;53
22;91
95;61
84;3
36;80
37;19
89;45
6;62
11;26
2;12
21;55
30;45
90;57
10;2
14;33
52;38
29;97
89;12
36;31
3;71
44;61
56;89
65;64
84;34
99;19
7;51
56;18
68;42
18;59
39;30
32;53
18;79
41;64
59;4
63;69
8;76
61;59
55;50
52;23
39;73
13;71
74;40
94;40
89;5
6;94
92;3
47;83
56;71
94;30
51;55
89;67
88;46
10;48
20;26
77;16
86;52
35;9
57;9
89;70
16;54
21;14
63;58
7;11
71;71
16;27
14;70
40;4
85;20
57;4
39;28
86;84
75;85
40;63
81;17
81;70
57;85
9;62
74;18
22;85
15;22
79;49
62;57
26;23
86;59
54;34
78;20
86;94
80;84
75;89
5;6
26;46
18;55
67;14
73;71
40;51
99;85
29;26
70;48
24;1
47;94
43;73
11;62
64;91
34;52
94;18
57;23
90;63
9;92
84;4
41;45
35;58
4;77
91;66
1;4
77;43
100;95
56;46
12;79
87;35
91;16
59;18
61;15
80;78
40;30
54;1
69;88
88;5
6;37
25;16
75;51
26;32
96;21
67;68
11;89
24;5
53;28
95;90
82;11
95;42
95;15
65;77
65;13
5;27
13;92
78;72
40;89
17;77
46;81
100;24
31;31
11;82
47;61
54;80
97;61
90;32
42;71
47;30
42;45
6;44
9;46
78;87
27;31
23;35
30;82
69;27
60;44
57;22
95;63
20;43
31;55
29;29
33;92
59;20
28;86
15;99
1;66
95;12
3;19
24;78
51;53
41;74
52;5
7;2
29;37
78;84
42;13
49;35
5;26
20;12
48;72
3;39
27;65
88;93
3;85
63;66
94;7
54;24
89;86
61;46
97;1
26;60
50;41
8;52
82;51
37;9
67;37
3;88
85;60
31;64
98;22
88;62
71;13
66;25
94;74
37;36
98;63
78;56
77;41
68;90
79;80
60;35
84;88
50;82
5;3
20;90
42;11
73;53
75;61
32;92
71;95
86;47
89;17
81;59
89;100
33;70
22;77
56;62
52;39
25;57
92;94
43;64
90;71
31;29
35;2
67;79
59;11
49;37
44;4
70;13
80;31
15;2
99;32
82;69
74;46
27;26
86;52
98;93
59;54
81;53
16;39
56;5
16;43
69;23
100;85
22;5
22;18
62;79
40;8
23;11
6;39
23;42
66;100
23;33
78;94
49;48
62;25
100;89
99;31
46;68
80;77
92;29
27;43
66;59
5;13
35;98
10;71
63;20
70;81
58;67
9;61
72;74
20;90
6;94
48;12
12;16
90;75
51;69
6;70
54;18
30;57
48;91
61;100
47;33
94;19
98;55
23;52
57;50
36;51
69;85
73;34
71;43
46;96
100;68
6;98
35;83
31;33
31;24
93;32
18;12
82;68
30;70
33;61
72;3
12;56
94;86
95;1
71;23
66;51
41;82
96;98
29;3
57;38
90;34
88;80
76;47
65;55
43;81
45;20
6;79
13;94
46;73
82;11
3;86
56;67
96;37
35;5
58;7
32;84
52;70
78;88
1;79
100;68
14;80
95;71
4;86
22;69
74;80
21;86
54;61
77;6
42;58
64;1
10;90
31;60
55;46
16;4
77;85
100;75
40;47
66;22
39;5
12;72
32;65
31;19
21;65
50;13
96;34
16;46
26;63
82;31
67;14
80;19
43;3
88;33
33;1
87;15
44;39
69;49
42;21
27;13
37;32
88;51
36;23
52;55
19;23
66;64
48;91
31;43
7;8
79;15
21;65
72;54
90;8
30;88
69;27
35;41
87;74
56;41
33;75
2;45
23;70
6;49
70;82
24;64
80;80
98;33
24;36
6;17
56;19
6;56
89;72
90;85
35;61
36;85
25;16
35;96
27;1
74;38
17;31
36;84
25;96
53;89
31;22
84;21
83;16
24;41
78;64
16;91
81;38
33;81
23;8
28;58
33;53
30;38
65;27
43;26
50;89
88;81
23;44
48;65
7;99
77;96
54;10
70;47
80;8
55;85
87;90
1;38
67;96
31;37
48;29
89;58
70;26
7;37
5;54
10;8
50;100
19;16
29;44
58;31
80;70
49;90
72;12
47;32
41;93
50;58
86;14
93;47
56;77
92;78
19;25
68;36
89;71
1;2
12;55
49;80
41;4
31;89
26;50
84;67
39;65
84;38
71;76
69;75
21;28
88;95
55;31
88;92
2;15
95;1
34;44
68;68
15;41
76;93
89;62
46;8
22;56
7;49
88;22
76;69
23;2
99;77
41;68
64;89
43;45
54;2
80;76
86;98
71;35
38;69
18;66
94;38
28;76
58;24
53;69
65;32
46;79
93;75
56;25
31;50
56;23
96;7
24;33
54;86
65;40
8;40
78;49
42;67
14;27
47;13
22;89
68;67
26;9
4;96
89;56
27;91
74;69
17;52
12;38
46;33
44;74
37;48
45;94
72;89
92;80
29;18
64;67
26;86
60;48
86;37
13;9
76;30
10;34
65;53
24;12
18;13
97;100
94;81
58;60
70;61
58;7
35;92
71;9
47;81
98;20
67;52
96;53
