77;63
93;4
10;32
5;99
13;54
37;6
24;83
39;86
19;68
16;13
97;44
100;92
57;68
72;6
71;93
69;69
12;72
61;2
9;83
35;16
99;79
61;30
83;11
9;59
8;83
19;22
24;12
39;50
25;39
55;92
7;75
90;7
97;82
55;90
85;12
52;63
51;5
87;27
2;41
35;54
17;27
86;47
21;84
48;43
69;30
82;39
27;85
75;78
16;69
57;91
44;45
52;3
30;3
30;48
49;86
59;97
53;82
67;85
74;95
10;32
30;48
98;95
41;76
27;12
36;1
7;38
67;60
96;19
61;7
27;78
60;53
35;57
38;31
43;75
15;25
17;68
39;78
50;25
40;15
68;59
23;89
65;94
41;2
100;65
48;1
44;89
91;80
67;98
56;12
40;89
40;94
83;33
61;59
45;98
71;14
99;64
44;83
82;10
49;96
27;95
84;57
44;83
25;42
39;85
36;46
61;6
28;60
33;52
99;55
1;89
8;96
99;97
15;15
77;25
78;56
70;81
87;11
37;77
15;31
74;17
39;82
92;3
88;100
46;50
19;99
9;49
21;94
70;78
32;4
8;83
31;36
30;59
89;42
59;8
46;43
93;32
50;32
26;65
16;68
97;58
92;41
48;68
44;24
70;69
31;54
86;87
21;98
48;95
96;88
96;88
43;18
51;3
13;16
83;53
39;85
34;50
92;67
24;2
46;69
19;35
100;79
94;1
26;83
88;63
54;85
40;65
91;49
52;37
72;3
1;76
48;33
30;53
22;64
78;87
24;79
88;68
92;85
98;54
75;51
78;54
81;48
49;7
24;30
67;53
72;82
78;9
100;100
100;29
18;95
90;67
73;28
67;96
24;54
6;86
34;70
52;54
27;72
80;17
80;43
14;16
50;13
95;58
48;31
35;2
33;23
42;47
72;94
55;23
5;38
97;37
1;66
93;97
99;87
46;13
12;44
3;52
44;98
78;15
50;98
45;43
50;76
72;59
52;65
57;30
8;93
62;63
9;92
71;10
7;71
43;65
8;7
18;38
73;60
34;80
54;75
46;48
82;94
28;22
8;45
9;80
31;21
51;18
13;78
69;20
22;58
27;10
22;68
82;38
34;9
52;3
36;7
12;25
24;25
88;50
60;40
27;3
2;86
82;97
96;75
59;12
84;48
94;13
42;21
90;66
51;17
5;2
3;72
70;27
20;24
25;35
51;80
86;87
60;67
14;59
85;15
60;61
69;21
86;34
52;83
85;77
18;70
23;33
61;63
94;19
35;74
34;39
34;66
16;80
66;24
78;19
5;50
30;9
67;14
5;56
100;89
53;74
97;30
31;83
4;7
5;77
65;59
83;76
88;79
15;4
56;46
79;23
79;13
36;48
60;18
17;77
56;29
62;55
1;94
6;17
59;64
56;42
36;29
15;13
86;38
10;93
90;59
61;20
80;94
48;25
48;13
8;14
13;75
45;17
7;91
65;84
87;25
61;23
13;22
84;66
15;26
84;23
10;55
90;18
1;34
22;89
62;52
61;79
12;26
65;19
81;29
5;56
30;92
98;29
92;26
85;91
51;32
17;64
27;45
68;24
90;19
51;39
82;18
71;68
27;49
84;12
33;78
41;41
95;42
31;15
39;4
96;94
45;71
40;39
60;30
51;89
98;35
1;62
77;20
61;29
93;48
57;89
99;84
74;90
88;10
14;12
43;78
65;6
13;74
8;18
93;44
15;91
26;77
28;86
30;98
91;11
43;16
99;63
11;68
41;93
68;1
43;33
87;32
17;22
19;43
99;63
66;99
6;82
20;43
32;82
29;50
20;60
47;94
72;44
74;11
61;80
24;67
37;64
27;28
89;47
14;6
72;76
39;2
44;21
63;21
50;99
68;13
44;64
12;26
13;47
42;89
39;30
75;42
66;33
39;89
38;18
84;99
9;7
31;42
21;80
88;15
33;75
95;30
67;49
18;100
54;72
30;83
80;50
96;7
58;75
100;27
82;57
20;36
36;12
86;9
64;75
89;31
34;2
4;89
43;24
86;52
37;68
85;17
45;61
17;78
31;24
3;63
21;89
90;69
8;7
23;28
96;66
7;33
11;25
45;91
74;22
56;21
72;10
5;35
68;73
54;47
5;27
67;19
54;41
4;85
94;49
97;24
65;10
78;83
24;65
75;55
77;2
63;45
27;78
22;79
7;93
41;5
79;82
44;10
30;36
62;40
18;66
31;34
14;52
14;76
58;42
10;21
35;8
76;25
99;94
11;84
86;65
67;5
2;82
52;64
95;60
18;96
8;57
5;8
5;97
40;51
100;18
58;7
7;54
32;36
66;3
4;6
39;72
46;68
96;22
49;97
37;47
32;9
47;94
85;57
34;47
30;64
68;74
97;30
35;99
98;29
60;18
31;18
41;5
19;54
52;91
33;67
98;10
86;86
10;8
57;72
30;37
51;84
58;43
55;85
55;87
49;29
1;97
96;92
9;52
11;94
52;95
66;81
36;68
58;34
9;93
34;30
97;5
52;23
61;20
88;33
86;56
80;67
46;8
81;44
60;85
74;38
56;74
40;86
95;89
93;53
58;21
63;59
71;40
10;35
30;95
89;72
55;28
75;68
47;77
41;49
7;10
93;87
67;37
43;13
69;89
85;47
62;71
72;46
3;92
53;45
29;53
60;26
86;96
40;70
54;63
58;52
12;11
32;57
69;44
36;73
85;38
37;73
41;53
73;55
1;48
18;7
83;9
70;71
75;5
55;11
100;59
40;88
55;6
98;2
10;78
44;30
30;66
68;60
18;16
89;49
27;32
95;45
76;72
1;50
45;41
63;71
97;90
42;60
48;45
75;73
54;40
4;74
69;20
44;34
99;43
51;46
20;35
75;46
20;82
63;41
12;41
14;75
56;20
27;82
96;26
10;43
32;70
45;77
64;41
37;76
60;84
73;86
52;46
26;89
48;1
6;60
79;64
39;82
80;17
27;5
6;85
98;45
64;56
8;73
82;35
52;39
67;35
3;83
11;65
28;56
3;56
36;49
95;74
91;46
19;61
24;52
41;44
72;24
67;43
99;69
49;84
5;77
48;15
42;82
9;75
74;73
44;2
84;39
5;89
30;67
20;38
55;25
43;19
16;28
34;96
8;85
89;67
45;56
25;28
41;75
55;98
46;16
5;66
5;69
29;79
12;68
89;100
43;71
69;13
46;43
45;31
65;12
2;63
49;24
75;32
37;55
100;30
2;55
15;6
30;2
36;26
17;32
58;88
89;100
83;67
92;55
14;40
92;84
83;90
56;73
71;72
8;29
70;55
93;65
17;35
66;77
37;72
8;10
44;38
22;56
84;82
33;5
85;68
36;19
27;89
5;2
57;54
36;36
93;4
34;4
86;66
43;77
45;36
22;41
66;59
59;99
80;81
51;87
54;42
3;26
27;6
34;71
39;46
60;34
100;99
96;43
42;3
55;69
39;15
74;35
15;92
60;76
4;93
39;2
86;72
24;60
93;49
4;47
58;11
70;58
55;11
92;57
82;96
84;83
3;34
46;48
15;17
30;27
61;47
69;62
39;52
58;62
69;79
73;84
85;2
50;91
30;76
8;18
73;78
63;38
27;93
63;72
46;30
37;2
26;43
54;6
82;43
83;23
88;95
86;88
46;35
87;69
51;84
46;51
77;57
39;96
84;9
45;71
18;29
53;86
57;58
4;66
89;85
58;7
23;76
88;28
1;50
49;42
80;34
26;71
8;33
45;11
97;16
37;34
98;46
37;52
58;25
17;87
87;38
78;76
71;82
86;58
2;35
18;41
64;76
6;10
36;60
86;33
39;40
30;16
28;5
70;83
98;17
11;30
80;15
38;33
26;78
77;68
56;51
75;43
37;66
16;12
71;60
33;17
42;65
40;7
20;60
53;53
100;78
23;49
10;19
65;70
2;1
95;64
1;25
53;90
62;86
54;98
21;71
94;77
16;52
65;18
91;93
89;22
36;47
20;10
49;2
97;92
66;67
60;27
73;62
72;80
27;60
93;64
76;70
91;73
43;30
8;46
31;70
39;4
87;40
87;78
92;76
21;4
10;95
17;61
30;26
72;29
11;85
51;14
33;1
81;21
38;54
18;38
21;95
80;75
95;6
4;51
65;87
6;16
66;46
67;81
86;65
88;75
73;11
78;25
80;88
59;57
64;69
36;6
23;6
77;24
6;27
78;5
33;67
19;15
82;87
40;93
72;36
84;72
66;39
73;60
32;84
51;82
88;10
21;44
45;28
82;37
63;60
66;65
88;57
83;29
50;35
73;31
23;75
14;82
94;76
91;90
27;87
57;60
39;9
70;88
87;19
4;27
1;11
47;57
76;78
95;35
96;97
86;44
5;86
31;96
20;19
46;63
78;60
57;40
56;90
66;71
71;80
14;79
92;62
52;67
59;45
39;52
32;12
79;43
14;89
92;42
36;91
42;95
72;76
92;3
20;34
32;41
75;72
45;11
8;96
12;20
75;65
85;80
10;88
36;31
39;43
32;32
60;58
56;19
42;51
71;65
25;58
35;25
24;98
73;28
69;22
9;52
17;34
22;47
11;13
6;63
27;43
15;45
3;76
86;47
68;89
55;39
82;45
88;64
70;72
25;62
44;81
97;84
51;25
37;6
97;97
27;51
71;25
26;45
54;47
81;43
65;52
77;79
53;8
82;3
20;58
63;93
79;38
75;85
86;56
12;94
57;46
30;25
7;6
6;78
55;21
99;99
47;21
52;11
49;38
23;83
21;7
2;9
37;11
67;61
68;76
59;41
91;88
9;90
45;98
81;41
21;90
8;37
7;91
47;57
43;97
44;4
77;35
77;47
39;56
66;72
73;71
77;95
31;84
34;46
62;44
22;1
88;52
21;52
64;55
45;2
79;60
44;55
65;31
41;90
2;26
79;84
66;73
44;19
28;88
26;27
81;90
26;59
79;58
44;22
19;60
34;95
6;10
44;87
62;67
55;80
81;32
95;63
96;22
20;56
12;73
71;62
70;15
32;98
17;43
6;6
4;37
53;70
88;46
89;47
86;93
79;11
35;75
38;70
84;97
30;88
15;90
11;64
46;42
72;39
24;17
68;66
46;16
87;65
15;58
70;56
74;13
58;83
17;28
34;27
24;51
11;83
50;14
56;16
86;33
51;59
79;50
24;20
2;9
44;28
8;3
37;59
49;21
38;92
43;59
46;75
50;13
51;47
1;9
33;69
27;11
32;38
45;87
7;81
92;49
50;1
7;24
43;2
18;53
81;26
76;14
28;28
41;32
19;58
29;69
57;28
29;21
100;92
57;26
45;34
46;96
39;61
74;80
35;56
18;25
55;45
52;83
62;34
50;82
26;52
31;92
35;58
74;98
27;56
74;98
55;93
27;37
2;75
4;41
59;80
52;6
15;11
60;14
34;2
80;41
88;60
91;94
63;40
47;100
96;65
85;50
49;14
33;48
88;16
60;91
33;1
73;53
71;7
69;91
25;39
61;69
55;72
8;77
12;53
1;74
42;28
29;2
45;30
61;4
95;39
86;23
40;91
26;62
11;84
60;39
2;55
3;54
77;24
69;89
91;92
94;85
49;43
31;11
98;70
62;16
79;58
16;11
67;36
94;22
49;13
76;14
87;97
34;24
43;83
42;80
80;60
3;78
35;37
17;3
83;65
36;28
29;54
36;17
33;9
1;55
72;25
75;14
43;38
51;89
88;8
84;92
37;51
38;32
100;84
58;95
53;78
10;1
6;65
60;19
83;2
100;6
60;26
45;73
46;71
36;63
16;81
99;52
24;43
89;27
60;19
15;33
30;45
13;23
48;55
45;60
69;54
10;69
95;12
67;52
58;57
42;54
95;21
47;43
21;7
98;2
36;72
67;100
80;48
9;63
8;6
77;81
63;7
5;28
67;38
62;21
75;76
53;2
34;82
54;15
8;32
42;19
23;87
62;4
1;51
19;68
25;23
83;1
90;98
48;55
77;1
77;18
48;55
41;36
36;6
72;86
15;60
52;54
59;29
99;62
77;74
32;13
43;27
55;74
1;27
5;26
25;89
8;27
30;48
89;46
72;23
21;62
23;31
50;77
53;29
59;91
29;12
95;55
95;100
49;31
57;37
31;43
22;34
10;19
88;83
79;100
11;48
44;95
35;59
65;97
93;77
83;65
7;48
20;63
8;4
57;81
96;41
18;14
11;99
80;25
39;64
4;71
62;35
33;60
16;83
80;100
5;2
89;55
33;36
84;12
41;38
77;41
12;12
8;45
22;75
48;9
52;67
91;99
99;94
31;10
3;14
51;98
66;15
93;48
20;37
56;33
14;46
28;94
66;63
10;76
19;96
85;8
84;23
38;71
60;66
96;49
71;77
23;64
94;4
56;37
23;17
41;66
82;70
40;83
91;88
21;93
65;25
49;7
70;79
26;10
8;90
96;85
24;71
28;87
30;10
29;76
61;52
66;100
37;24
57;56
99;35
59;91
10;15
70;41
31;22
42;6
17;98
71;77
35;83
27;81
40;42
9;3
94;85
25;27
64;41
22;66
34;56
82;82
65;100
41;93
59;73
82;21
24;79
17;50
22;4
13;41
74;59
69;49
36;98
6;34
91;34
51;8
38;10
98;32
57;77
33;9
23;49
65;42
60;40
72;43
42;97
30;82
16;15
72;30
17;59
7;24
71;86
1;6
97;29
46;63
47;11
39;89
25;21
50;73
35;68
7;95
88;16
99;60
81;58
23;51
85;36
26;85
1;75
80;37
90;31
81;83
62;62
55;4
44;4
50;22
19;60
91;45
54;50
5;80
81;25
65;17
62;25
9;62
10;83
33;86
86;87
56;7
71;79
30;7
5;29
8;66
37;36
86;30
65;57
93;18
53;4
46;86
89;7
40;48
52;96
23;51
7;54
80;29
37;93
4;2
66;71
75;100
64;50
28;18
10;12
93;69
91;89
9;94
39;97
59;7
14;41
10;14
76;94
8;25
79;60
23;29
93;73
51;32
78;46
57;71
65;2
35;40
88;27
14;9
66;53
88;6
90;21
90;67
43;95
22;74
88;11
90;52
18;3
15;25
2;65
51;15
24;23
100;19
99;49
7;96
26;83
29;2
45;25
53;32
94;3
8;66
99;25
8;18
18;55
64;27
22;92
88;85
23;3
32;49
6;10
79;53
60;55
81;82
43;94
50;20
51;84
25;5
91;45
36;49
38;40
53;21
77;28
96;85
68;63
58;69
53;75
67;31
75;38
49;49
100;4
6;63
10;59
33;54
32;90
21;2
76;83
99;27
1;24
28;18
51;77
27;95
82;48
95;20
96;39
52;18
79;47
14;10
59;73
76;54
75;84
46;37
17;30
54;21
28;42
63;71
49;36
47;70
68;27
16;35
18;13
81;32
79;43
36;8
25;26
92;61
68;48
72;11
46;42
13;40
97;20
64;68
52;73
58;12
43;97
68;61
13;91
6;4
30;51
40;47
61;82
50;62
37;100
82;29
25;33
66;6
91;13
20;53
59;52
89;66
66;4
99;29
57;96
5;62
70;28
61;28
46;3
77;87
9;100
67;78
22;93
43;98
16;76
56;98
85;7
71;79
74;41
85;96
78;77
65;93
54;38
47;41
34;59
61;85
79;51
85;39
86;95
85;23
72;79
46;84
28;75
38;62
46;13
60;93
71;91
9;73
43;31
63;29
37;93
83;49
61;39
96;81
95;59
28;46
39;7
24;86
42;31
8;49
27;39
22;47
73;77
14;73
15;58
14;39
24;91
77;66
44;97
35;40
55;71
46;23
82;28
44;7
51;54
41;75
26;34
55;69
20;11
54;10
27;85
71;15
6;40
71;78
59;63
71;65
92;31
2;70
54;55
73;62
67;53
18;72
55;14
73;3
64;5
21;99
47;85
71;70
23;74
48;50
76;94
58;20
26;50
27;59
35;75
58;97
21;90
1;14
29;62
97;16
7;9
8;59
19;94
49;15
8;27
20;56
65;25
85;51
92;7
75;83
5;35
54;91
12;64
88;4
30;42
92;65
45;97
65;85
85;98
59;94
28;57
4;4
53;76
51;99
23;58
31;63
76;80
87;14
97;79
93;33
42;4
36;87
8;16
73;7
66;98
61;58
43;17
6;65
72;33
74;17
33;42
56;4
51;59
96;51
82;47
53;62
47;100
33;4
97;93
35;18
47;4
38;63
72;45
10;36
52;97
20;41
56;17
97;71
99;12
15;71
52;5
94;24
66;89
17;31
63;77
6;99
93;2
52;11
47;94
74;27
62;90
41;54
3;2
47;29
26;64
37;95
3;89
17;64
85;86
45;71
91;36
48;2
51;50
47;99
70;74
23;45
33;13
5;21
76;13
95;18
32;51
32;46
18;88
82;29
51;27
51;43
59;73
37;89
97;18
17;39
8;44
11;100
68;81
17;70
21;87
85;19
11;66
45;23
91;78
79;36
4;66
41;80
61;50
64;88
10;48
82;90
25;79
45;7
13;6
66;96
90;40
18;23
9;88
15;46
61;71
86;13
22;49
16;4
20;79
20;7
15;48
20;21
86;55
65;20
52;93
57;59
81;36
42;18
47;94
41;17
24;76
37;58
92;25
14;34
75;53
25;38
60;92
90;57
34;98
36;64
100;24
29;36
40;15
8;51
50;97
31;60
90;87
70;62
80;98
81;52
51;33
70;61
4;99
25;2
97;62
92;52
39;8
48;73
20;54
15;88
53;25
71;78
81;58
58;80
99;82
71;20
36;64
87;19
64;39
6;6
96;27
93;12
58;89
83;27
84;29
77;100
75;56
61;92
45;22
31;57
91;35
87;66
55;9
49;52
12;78
26;89
48;59
54;77
61;31
57;10
3;48
12;23
29;34
69;94
16;22
87;52
23;22
46;61
100;95
34;3
83;95
46;73
61;56
24;100
60;90
67;61
93;67
85;17
69;38
60;2
78;13
30;94
44;69
11;52
84;58
68;32
68;37
51;44
71;30
37;34
49;81
92;39
74;94
27;94
74;96
30;10
75;100
56;28
9;28
5;75
17;85
38;81
3;54
28;89
10;50
62;70
44;58
47;13
54;95
83;6
57;73
20;41
78;66
82;99
56;96
6;50
23;84
47;92
63;84
72;14
63;19
14;5
50;5
86;32
65;69
14;29
32;48
68;22
44;73
34;30
54;52
60;23
39;11
75;13
87;20
12;64
73;85
16;8
25;100
64;74
56;59
32;88
28;95
100;35
83;67
8;64
8;92
6;92
79;9
53;68
71;96
80;28
8;89
32;46
40;11
30;64
99;98
81;20
12;53
25;31
26;85
45;31
75;92
55;75
79;28
44;48
72;90
52;45
75;71
60;72
10;46
52;41
39;96
18;92
90;80
73;70
17;38
41;39
77;86
95;89
28;75
25;34
6;17
59;29
2;77
57;39
8;79
51;70
13;84
79;36
52;21
42;40
91;25
64;34
63;37
10;86
70;76
80;7
71;93
38;6
87;18
86;16
48;45
61;26
46;25
31;39
25;68
86;44
58;37
84;80
68;35
64;19
2;18
22;74
19;93
88;93
13;91
58;12
15;50
26;21
37;74
99;17
27;75
81;93
64;72
5;88
49;62
88;7
72;87
74;86
39;100
9;63
66;90
56;39
47;19
20;100
91;3
11;57
54;46
72;22
3;71
75;17
85;22
1;97
55;52
49;65
8;96
49;12
84;5
26;44
44;51
12;43
100;25
25;39
64;23
44;55
88;30
59;58
48;30
55;100
63;71
85;15
14;47
22;13
18;13
70;27
99;67
47;48
13;22
81;90
69;3
27;69
18;27
98;54
7;18
8;49
80;30
44;32
25;41
92;67
11;78
30;49
66;82
8;47
39;88
21;20
44;37
36;60
8;100
15;61
10;75
97;86
79;8
68;44
12;65
38;20
68;94
93;85
20;64
50;4
36;43
78;15
62;63
22;8
98;36
29;40
92;51
3;34
70;59
11;28
68;90
4;86
38;34
43;10
49;44
61;64
74;49
77;65
24;38
94;43
35;37
37;58
10;83
23;97
79;75
100;12
66;52
75;25
21;63
43;42
61;26
39;7
92;40
90;4
84;40
6;3
28;99
71;73
59;13
94;100
52;31
62;74
20;57
65;83
65;82
56;4
18;20
1;60
33;38
47;5
62;88
33;97
71;28
78;66
80;4
68;30
20;97
32;36
60;2
7;32
72;90
26;28
65;45
52;61
84;27
44;48
53;64
63;87
68;13
89;59
100;15
39;94
77;56
63;31
73;90
54;2
30;99
31;97
89;90
79;47
55;45
95;4
13;30
80;65
88;67
92;96
16;78
44;79
24;58
85;22
70;22
83;83
30;10
50;3
27;100
92;12
18;34
11;50
63;53
100;32
37;93
9;32
19;26
33;93
78;25
16;28
94;67
16;52
13;26
28;50
51;63
21;49
78;66
43;75
85;99
24;34
12;81
4;43
56;75
16;24
65;21
25;90
11;8
29;70
82;72
99;99
23;65
4;26
100;81
26;81
2;50
32;78
23;22
80;74
39;100
94;66
4;60
10;91
56;57
91;38
34;7
58;78
75;54
85;44
5;46
17;15
54;47
1;20
29;81
43;78
82;29
100;9
21;73
96;64
85;28
91;10
22;48
13;15
72;64
71;54
14;71
22;38
48;52
43;9
95;42
31;74
94;35
13;50
4;92
79;63
44;3
54;8
60;72
53;6
41;33
54;58
9;40
80;7
58;56
60;72
87;43
30;25
45;44
40;1
32;45
98;84
92;36
69;37
31;29
78;27
38;36
13;68
78;36
68;39
97;89
16;46
53;18
97;22
44;99
49;20
25;55
99;41
61;83
93;41
2;52
97;96
60;19
5;66
96;23
37;79
66;26
86;97
52;41
34;94
7;67
50;91
5;18
11;64
58;18
67;90
70;68
100;90
100;11
77;24
22;40
38;13
70;7
28;54
60;46
33;62
83;51
22;34
36;10
40;31
26;99
45;8
60;95
14;81
39;33
87;97
44;40
97;76
36;29
38;26
76;10
50;18
65;81
66;47
29;80
54;87
72;27
77;69
96;48
53;55
49;41
47;67
25;3
74;43
45;93
24;56
36;91
90;5
80;74
68;45
51;81
74;91
79;97
50;7
17;49
76;48
51;54
28;64
77;33
28;52
18;74
91;8
87;47
6;4
12;22
24;78
92;50
65;8
39;38
62;45
6;1
3;81
55;84
8;59
5;35
20;72
83;14
74;7
87;14
50;83
74;3
69;61
29;28
66;9
4;36
33;52
51;96
56;14
62;75
98;92
24;46
8;95
31;64
9;47
75;57
49;16
25;82
75;81
81;12
40;35
26;54
67;3
87;24
48;80
11;94
72;61
86;58
45;67
83;81
93;94
10;70
31;66
18;99
69;100
1;98
99;54
82;4
18;97
50;59
20;57
67;26
37;18
22;61
3;13
44;60
96;88
74;70
35;39
56;87
53;53
75;20
40;16
46;3
49;23
22;18
35;88
73;98
19;21
69;64
41;85
92;52
6;75
76;100
66;72
14;63
71;84
38;69
41;93
6;7
48;71
26;44
1;29
44;2
69;72
36;62
44;99
43;46
64;79
7;26
57;77
59;43
81;40
18;77
64;46
7;25
37;69
54;32
98;24
41;39
65;36
66;38
40;68
7;18
83;44
18;96
30;36
90;52
59;84
84;67
78;83
81;83
40;74
72;44
76;94
56;30
64;37
33;43
50;96
7;11
47;14
20;25
76;87
22;19
30;15
22;98
29;2
69;48
82;24
46;85
54;2
63;95
58;88
90;5
76;89
100;10
100;81
8;3
82;72
93;48
22;72
42;75
15;39
12;29
11;100
68;98
9;30
85;52
32;53
42;99
99;66
22;52
1;45
89;1
88;41
13;44
85;34
50;100
6;64
6;66
10;8
88;62
25;68
82;12
26;92
39;12
68;99
24;12
69;42
66;70
41;48
94;77
20;37
88;50
38;42
8;37
38;51
62;11
56;5
85;54
11;56
84;34
27;30
5;21
92;80
45;63
46;69
28;81
40;85
26;83
68;89
62;12
57;14
69;22
37;60
18;22
25;46
82;52
50;29
15;82
69;100
80;62
8;25
26;33
14;92
84;100
28;46
42;48
20;70
2;68
37;54
16;36
18;45
33;20
4;9
16;83
44;21
82;69
25;77
75;28
55;71
80;95
78;79
76;1
80;15
69;72
34;64
9;72
62;67
18;98
37;61
9;3
78;25
78;76
62;51
82;10
87;29
53;77
92;91
86;51
76;66
61;42
32;86
61;79
89;27
89;82
72;3
40;79
11;26
50;41
92;27
84;38
35;69
90;48
29;46
72;76
53;70
100;1
72;67
80;70
35;77
4;67
7;10
94;1
36;66
29;7
55;64
68;40
69;79
38;70
74;37
56;17
42;64
46;21
20;80
31;42
35;29
35;80
37;16
99;81
8;11
56;9
45;16
93;33
22;72
80;91
5;27
19;55
80;51
50;71
69;85
50;98
36;47
86;99
67;60
52;89
38;39
18;21
77;35
56;30
11;63
10;11
52;92
14;76
4;75
19;51
76;40
40;38
74;50
68;55
92;94
24;57
12;45
99;87
96;75
45;13
71;49
19;17
30;8
41;7
80;65
78;74
33;80
52;85
85;31
89;46
65;66
4;13
61;22
87;22
27;64
13;63
41;74
62;67
48;20
59;17
4;38
78;36
92;40
63;16
70;68
84;26
60;28
34;39
90;5
59;53
71;10
3;27
23;47
6;43
13;27
43;48
86;15
64;16
67;72
49;54
30;2
85;8
53;54
38;19
14;1
87;94
80;51
11;92
43;18
63;14
19;34
27;83
67;81
94;28
23;92
44;8
14;42
66;4
95;78
10;68
100;96
50;65
33;41
61;100
45;86
67;1
72;63
15;49
30;70
49;74
64;4
60;28
64;57
27;35
52;7
56;46
74;79
83;7
35;64
45;35
22;14
46;73
91;36
98;62
40;40
21;45
90;11
76;71
35;36
18;1
91;99
2;15
88;18
9;66
4;67
50;57
34;41
70;8
45;75
76;10
80;90
49;31
82;42
15;90
48;65
29;56
65;70
9;32
75;63
45;77
91;73
82;91
64;52
51;98
77;31
46;67
97;99
9;65
62;33
86;38
55;92
23;95
71;19
71;32
50;33
29;96
84;26
95;48
37;26
36;50
4;53
24;61
72;86
37;79
29;94
65;60
57;24
37;61
89;21
58;39
70;36
32;10
48;100
48;25
82;78
65;18
30;72
1;42
84;13
35;34
77;13
23;53
41;15
18;68
27;94
30;34
11;5
58;38
19;64
24;81
62;92
82;90
39;93
86;56
12;13
15;10
12;8
8;2
12;73
96;21
84;69
41;28
56;62
42;95
69;13
80;30
26;77
53;63
100;44
3;37
41;98
19;40
78;43
28;79
57;19
5;17
64;37
33;8
9;52
56;74
12;90
53;33
12;98
77;70
51;45
21;71
43;34
94;8
70;100
46;61
100;19
86;67
8;26
35;45
41;82
97;98
78;51
100;17
69;23
60;83
2;12
97;41
99;86
10;21
63;81
29;49
20;13
89;64
6;45
66;41
30;86
27;83
89;28
70;45
84;2
42;30
42;12
65;41
69;91
50;89
10;32
68;14
60;1
79;70
49;59
2;93
38;22
49;82
69;93
75;12
62;44
45;24
32;86
66;49
3;63
61;37
76;4
77;90
21;38
13;22
9;62
16;9
75;22
74;36
73;58
5;70
98;81
75;75
77;76
48;97
4;47
96;31
60;48
30;61
93;81
66;89
79;47
49;42
55;95
66;68
5;10
93;14
27;14
39;29
97;2
9;83
62;41
10;2
85;76
89;32
86;32
93;83
24;1
74;41
47;75
92;27
15;90
24;75
13;31
41;71
86;35
51;42
94;76
11;58
15;4
43;38
1;28
22;15
28;57
21;38
2;73
82;38
57;22
77;17
68;31
24;79
72;56
23;85
31;85
60;50
51;41
90;79
18;89
97;36
89;90
59;57
9;33
73;35
72;58
83;55
99;39
93;76
69;10
92;67
99;11
34;51
37;67
87;64
94;74
64;20
2;23
75;17
46;92
37;2
94;41
46;32
63;99
36;56
13;44
31;41
68;42
100;70
32;35
70;57
9;54
65;98
74;79
40;79
80;44
48;99
12;11
81;27
88;36
46;35
11;20
64;74
46;8
64;73
71;92
36;12
54;72
7;38
77;100
15;46
10;3
6;69
80;22
59;34
81;32
95;2
71;16
86;23
83;38
94;39
29;6
100;55
73;46
74;48
40;48
8;86
20;29
70;43
95;43
38;47
29;32
29;28
28;31
67;28
3;80
40;47
50;74
60;70
80;62
52;66
75;55
70;55
9;57
42;98
80;18
21;97
41;60
8;92
57;71
50;33
72;84
34;33
49;10
8;19
93;57
28;90
33;59
17;82
30;71
53;89
34;11
97;72
56;90
95;85
43;16
70;80
36;59
21;68
94;96
17;55
21;97
77;30
95;3
8;20
8;84
48;87
94;79
59;56
62;5
91;1
85;59
66;46
43;88
87;65
67;40
1;27
98;86
94;12
1;93
17;77
37;27
26;62
31;56
28;34
41;40
77;26
98;87
80;80
61;90
62;36
42;43
6;3
49;58
43;37
87;90
10;22
80;55
7;12
47;19
14;6
83;29
10;55
43;42
57;87
5;48
35;66
66;26
99;11
67;78
33;91
16;46
8;31
30;15
44;12
5;99
89;67
97;59
75;46
48;100
92;72
46;4
89;29
22;49
54;98
37;89
83;27
45;95
16;54
50;64
38;51
77;48
2;31
100;28
10;92
26;16
50;60
45;77
59;89
58;29
42;26
59;41
97;4
21;100
23;91
36;13
98;16
32;47
59;1
40;45
74;81
41;90
12;85
31;61
95;99
83;100
13;61
40;42
46;45
47;13
43;100
68;26
64;70
5;39
37;72
64;40
79;83
68;7
31;37
55;30
29;16
38;18
30;19
62;24
16;27
1;83
58;94
83;16
76;10
34;99
17;59
1;61
59;6
43;20
63;73
14;42
69;88
10;32
28;36
55;100
100;58
87;36
68;38
33;6
25;26
26;53
83;39
43;86
3;39
1;53
68;14
47;10
1;54
52;38
88;97
16;24
25;83
92;28
20;62
43;81
20;76
39;13
53;85
93;51
46;85
71;97
28;24
84;12
51;59
95;90
63;7
17;42
63;97
14;39
34;56
81;82
41;64
99;59
19;81
6;5
91;1
37;72
86;3
23;100
81;37
55;24
4;42
49;69
68;25
91;3
20;85
29;39
37;60
8;73
72;35
70;85
39;68
26;25
31;90
60;27
13;20
54;49
35;80
53;38
80;64
84;68
77;19
16;13
70;69
63;48
88;2
62;48
57;18
99;61
28;88
66;26
46;76
5;59
28;11
30;42
51;69
94;10
89;64
82;9
5;52
32;23
24;20
97;74
26;22
30;82
24;63
46;100
5;67
46;6
52;88
67;26
57;42
36;98
92;56
80;93
22;69
71;64
38;25
29;4
92;59
96;57
71;23
43;98
82;26
5;6
24;12
4;39
99;25
27;14
72;44
50;37
88;73
43;9
15;75
7;59
33;80
21;8
82;58
74;32
10;81
52;94
82;5
23;36
13;67
36;43
23;40
75;19
43;35
86;33
68;18
42;80
45;49
9;99
22;3
71;38
40;65
66;39
97;28
36;12
36;34
42;78
75;65
70;66
19;47
71;36
59;39
81;54
84;43
100;63
67;44
68;84
41;52
98;1
99;72
1;40
46;61
77;94
8;50
5;54
76;54
67;5
45;3
66;81
72;3
94;74
52;7
37;78
92;61
6;93
43;1
61;33
78;83
82;27
23;62
51;10
22;4
31;16
26;12
99;27
66;57
17;71
12;52
67;44
98;95
58;85
69;91
38;86
24;40
38;92
15;92
93;79
46;22
69;48
20;23
98;26
30;99
17;74
74;94
33;63
10;14
75;23
14;29
74;12
90;43
29;24
17;58
87;60
100;67
81;76
42;26
99;85
92;94
83;84
84;43
89;22
58;63
37;22
59;49
49;2
100;86
66;100
40;46
56;25
52;80
34;76
11;82
9;81
65;98
82;43
24;97
54;93
60;25
43;42
28;86
48;56
20;47
9;90
3;85
44;54
100;2
44;16
3;42
77;32
90;69
89;69
12;69
25;91
35;34
51;93
10;92
67;7
7;46
80;60
30;36
55;13
85;99
88;16
26;12
49;84
18;7
74;94
15;25
11;34
74;35
54;88
26;37
29;41
20;34
66;64
97;94
65;44
61;13
13;83
57;45
80;52
30;95
3;98
24;97
54;57
23;64
98;89
56;49
58;84
70;2
62;10
77;46
14;3
51;56
82;33
29;60
27;81
92;95
73;63
96;16
45;67
42;23
16;32
89;54
70;64
91;55
9;38
81;2
63;76
35;22
17;4
89;100
33;99
52;40
64;49
9;52
79;71
26;49
45;8
52;61
77;17
20;55
6;73
56;53
12;68
54;97
58;73
71;20
22;28
94;14
60;52
23;30
73;11
86;56
25;51
97;22
57;43
23;100
1;76
81;9
55;18
39;88
70;22
73;84
86;70
94;56
49;93
80;50
75;35
7;71
47;72
14;40
23;78
9;99
46;12
8;77
47;80
90;56
65;99
72;2
41;30
5;51
90;69
38;10
92;94
25;52
60;28
62;69
21;44
80;72
15;94
33;69
44;57
45;27
28;83
64;36
65;48
20;26
79;19
66;24
5;35
21;2
77;90
4;64
13;3
54;33
58;89
69;4
91;55
61;90
62;58
85;26
48;97
59;79
96;65
13;95
88;87
62;99
31;23
58;83
68;97
31;95
25;94
100;60
3;13
94;46
78;33
93;8
76;48
34;9
57;23
59;93
40;45
21;51
38;9
16;62
75;62
7;60
83;42
81;37
52;52
41;15
78;23
16;63
25;82
36;49
21;98
12;75
83;16
82;29
10;21
95;89
51;88
26;43
27;72
1;67
9;33
43;25
33;76
6;28
36;80
34;47
16;6
27;97
39;4
64;10
32;99
11;76
52;38
80;78
56;63
29;97
76;89
72;81
85;83
65;50
83;56
62;66
26;38
45;24
82;91
44;41
49;36
2;88
88;59
43;72
37;17
86;98
48;45
11;87
82;71
86;72
12;20
44;98
84;39
9;100
59;33
62;57
13;83
61;19
77;98
32;28
34;43
3;34
1;59
87;50
43;50
49;30
58;71
64;22
30;2
72;62
22;12
41;20
90;74
59;4
55;86
70;13
38;86
95;75
76;53
96;45
83;51
80;25
40;30
17;65
82;32
83;58
2;58
26;13
99;28
100;48
75;61
12;19
12;96
55;7
63;39
96;19
63;66
47;38
64;93
5;74
21;70
7;71
44;47
15;81
50;88
22;45
31;52
6;28
22;51
45;30
80;35
61;35
84;40
13;60
20;88
74;18
2;97
10;35
51;77
79;72
88;60
95;29
40;40
13;90
72;64
41;27
43;9
45;76
2;24
39;57
18;26
45;87
58;99
66;86
3;14
74;90
98;41
40;19
97;5
17;29
91;93
53;21
57;62
36;58
87;57
39;36
75;37
18;87
31;32
92;35
43;49
21;12
24;24
26;50
63;26
57;65
62;94
30;25
55;91
87;35
70;75
98;100
86;66
82;15
79;89
10;11
38;14
81;86
19;28
20;61
86;43
40;77
80;19
75;23
75;62
12;31
71;8
86;5
29;27
42;43
79;86
97;22
57;44
48;89
61;99
16;55
46;100
81;70
64;48
51;41
46;21
45;70
27;65
97;51
47;26
100;1
75;51
47;56
95;17
90;76
65;12
20;60
65;23
58;86
28;100
63;16
98;81
19;60
38;81
3;50
45;74
49;52
49;83
90;77
25;88
89;26
75;81
72;24
75;60
23;31
44;36
7;97
97;84
98;90
7;97
52;4
64;33
41;49
48;88
42;25
39;77
73;52
100;16
50;7
24;21
28;4
43;9
46;13
67;20
93;97
85;53
90;13
62;51
19;70
84;28
39;43
23;65
71;40
13;56
64;75
37;36
12;55
85;79
55;14
77;49
37;21
27;82
6;59
6;98
47;97
58;8
56;40
40;75
59;34
45;50
7;73
6;44
98;38
10;27
9;13
69;11
3;61
20;64
40;2
14;15
57;76
56;13
33;79
1;58
98;89
73;18
2;17
99;7
23;24
97;73
32;62
21;78
14;60
77;70
17;99
88;38
16;94
32;23
15;96
63;55
23;62
36;25
52;19
92;20
63;14
47;58
15;56
11;71
78;73
91;41
57;52
81;65
9;33
16;5
15;3
19;28
80;83
82;61
92;76
73;16
94;61
45;5
67;36
15;25
42;58
39;63
96;63
90;2
63;77
22;13
49;27
100;25
57;7
27;20
10;81
72;40
77;96
16;99
18;99
100;6
20;60
89;20
19;29
59;22
98;45
28;68
26;46
57;82
5;22
71;74
9;8
34;37
34;97
11;79
94;50
14;5
91;30
55;80
46;6
89;19
95;23
24;75
37;81
56;46
61;63
49;8
11;85
78;21
83;79
28;67
63;19
15;50
15;65
70;100
48;38
70;26
56;58
62;89
25;64
83;39
27;42
90;15
41;95
72;98
38;22
82;3
86;61
65;17
8;63
14;38
32;74
45;21
20;42
99;72
2;20
14;35
25;6
55;98
90;18
84;34
71;15
98;43
22;66
37;57
44;12
85;66
19;84
51;39
67;43
91;11
36;52
89;65
45;3
81;34
38;31
40;79
15;46
25;36
17;23
97;70
17;47
25;16
23;5
60;42
99;39
16;23
73;41
6;39
77;97
27;69
10;71
38;88
51;20
30;44
36;9
37;66
67;7
89;57
38;95
9;100
9;52
83;84
6;38
99;52
61;91
3;23
82;49
9;95
12;61
34;33
21;61
30;47
68;62
87;41
18;30
27;52
14;60
60;49
82;61
81;34
3;74
33;31
95;85
39;67
1;94
98;16
97;89
34;79
40;38
93;98
43;20
3;15
24;61
17;72
31;81
87;20
92;56
58;36
24;6
18;33
50;6
37;9
36;21
99;14
64;84
84;13
75;44
58;83
46;80
43;20
95;42
37;79
37;56
73;60
53;68
14;37
3;27
2;48
5;45
76;31
7;9
2;100
81;58
93;10
97;26
60;38
75;63
84;3
74;38
92;10
77;53
73;56
56;47
67;91
99;65
86;96
8;81
60;19
99;12
45;90
59;19
76;97
31;25
21;99
19;77
73;75
84;84
53;26
40;59
52;64
82;76
60;39
46;85
66;40
73;88
54;57
51;73
63;36
50;87
10;88
26;21
45;75
50;41
24;90
39;75
88;100
65;79
21;34
49;66
97;11
66;49
77;56
88;39
43;37
79;76
92;36
14;12
82;70
61;85
72;51
86;84
97;77
96;8
78;78
37;67
91;59
38;81
22;90
16;57
72;77
100;17
56;14
18;77
57;92
13;31
11;57
36;80
82;13
16;11
40;88
63;5
27;45
91;76
1;29
54;6
61;5
91;74
11;44
21;45
99;26
54;75
90;26
19;94
60;93
70;58
51;26
74;10
35;19
69;57
3;83
74;35
71;73
66;95
22;85
94;28
16;17
77;97
22;66
93;96
63;43
85;64
25;69
33;65
54;12
26;86
3;32
83;100
58;4
13;23
48;72
76;20
96;32
85;32
60;89
55;91
92;17
72;6
50;57
65;14
57;64
97;71
42;22
71;97
9;67
21;36
51;15
1;97
98;72
35;43
27;44
3;95
22;11
59;13
11;60
15;74
38;75
70;53
80;93
21;82
55;37
69;69
50;46
39;82
8;78
93;22
35;9
81;8
57;70
1;65
90;45
93;11
20;89
81;53
100;76
62;21
71;16
83;100
33;69
21;84
9;28
77;41
38;3
40;3
96;72
14;86
54;73
98;84
73;33
64;72
52;24
84;95
54;60
96;95
89;12
61;21
53;44
77;41
57;49
58;25
30;33
25;34
13;41
79;76
92;12
36;5
78;3
89;12
79;53
29;15
41;99
91;87
16;96
62;97
91;7
42;49
43;4
28;98
71;87
61;90
37;65
92;23
66;63
79;68
76;51
80;96
5;32
46;100
16;68
55;71
69;48
79;85
35;7
68;62
94;88
29;20
77;36
27;43
47;61
40;93
73;27
83;39
75;9
56;4
76;35
59;62
54;37
59;42
29;81
41;25
21;43
25;5
59;54
50;94
64;34
96;39
91;89
2;29
46;58
63;92
82;19
89;84
64;21
69;99
12;79
46;49
74;96
76;43
11;46
95;2
74;93
96;47
31;75
83;42
37;64
42;81
35;64
62;51
27;28
4;7
1;49
87;53
28;33
8;10
24;74
39;91
7;55
51;72
84;2
91;34
26;95
84;33
82;80
75;31
47;53
18;44
48;80
77;25
67;10
44;35
84;14
82;52
65;16
52;24
5;43
65;40
17;57
56;51
82;33
73;69
43;12
43;70
71;15
21;90
23;15
48;71
37;19
80;68
26;56
10;76
49;59
72;9
49;23
31;46
7;24
61;58
7;57
49;76
96;22
23;60
69;44
13;46
29;62
59;68
11;44
54;23
68;1
99;69
3;98
100;23
48;88
41;88
26;87
77;86
82;42
63;54
63;3
92;44
99;71
95;71
49;76
53;47
62;21
39;78
50;86
27;70
97;22
75;98
51;87
5;55
94;44
54;14
32;51
58;79
14;76
38;6
41;57
12;68
64;92
77;78
17;2
54;60
41;19
75;69
26;35
12;16
61;96
31;79
37;33
95;28
3;80
3;24
6;12
90;91
40;25
73;28
87;27
58;81
72;58
5;96
48;97
66;29
74;52
33;62
59;25
14;63
31;77
6;49
63;29
60;22
44;94
92;84
79;76
25;18
49;37
33;16
66;83
31;60
46;35
98;49
13;41
88;30
12;72
79;94
66;87
22;47
2;90
45;57
65;57
13;41
61;34
9;46
59;41
25;3
77;53
41;60
29;78
99;58
78;86
72;100
76;57
35;51
76;35
13;18
67;95
48;25
76;20
17;82
79;30
100;4
28;30
24;10
13;53
43;90
43;90
97;32
31;52
56;100
17;73
62;90
91;5
51;78
27;78
89;69
78;88
40;98
97;59
24;73
69;4
71;73
71;5
10;21
38;68
7;71
73;92
20;83
50;7
70;7
97;43
48;93
96;97
1;75
66;42
90;70
98;12
50;58
21;40
46;59
24;24
44;52
14;51
14;64
82;66
36;45
86;76
49;71
39;48
11;93
56;53
78;58
70;96
20;79
91;48
76;50
24;87
86;23
91;84
87;14
79;38
42;64
77;86
45;27
38;96
40;85
48;10
17;53
2;73
24;2
50;85
39;96
36;38
80;2
48;98
22;61
41;61
12;37
45;42
34;79
93;5
91;16
12;48
33;45
31;18
100;6
17;11
59;22
40;74
84;30
19;98
66;81
43;32
55;11
5;6
65;62
24;69
24;64
18;58
13;95
89;44
95;97
52;22
2;24
100;60
95;72
86;47
21;63
39;62
50;48
81;97
61;12
45;53
56;70
55;89
50;40
18;33
90;16
70;66
22;39
25;52
68;60
46;24
98;52
14;12
2;45
81;94
44;64
93;43
6;8
11;99
19;53
7;87
50;7
96;60
95;92
46;93
66;83
56;39
18;30
5;88
5;84
4;69
52;38
68;61
28;11
63;29
52;77
33;81
29;90
75;5
60;77
98;74
80;84
68;95
45;15
27;26
85;78
74;14
79;84
47;81
56;98
76;39
60;80
7;94
81;87
28;57
46;100
63;8
23;32
36;8
99;22
85;47
93;78
57;12
79;92
73;5
41;47
35;19
6;58
66;62
59;56
62;97
2;53
93;53
19;92
40;66
97;69
70;12
76;8
17;29
35;43
68;3
60;51
72;16
11;57
12;94
85;33
47;90
58;92
71;95
48;17
78;46
17;75
25;97
95;32
21;66
45;13
99;14
23;5
71;75
66;26
81;7
75;84
47;47
95;70
77;12
30;24
42;37
52;100
28;36
9;90
41;86
29;38
28;41
26;4
47;36
8;42
54;32
39;37
18;70
33;37
22;68
28;85
44;28
68;38
28;72
28;11
28;3
68;20
75;2
98;88
58;12
82;11
92;100
55;83
48;54
62;17
20;12
1;8
56;48
77;12
51;23
20;13
64;44
31;18
88;48
10;39
2;28
72;62
24;31
81;44
33;90
93;79
93;40
46;80
48;89
100;35
78;35
62;6
31;46
55;49
74;2
9;3
34;72
39;70
19;31
48;56
35;27
23;74
53;51
73;25
97;80
87;100
32;12
75;99
85;56
