61;90
39;31
19;3
66;42
2;2
13;68
19;14
6;89
20;94
38;12
38;85
4;90
66;2
75;63
53;53
70;44
53;95
67;16
95;6
92;10
50;45
8;27
37;1
69;94
53;51
45;25
100;22
28;78
54;96
90;68
73;47
32;85
51;2
2;93
89;94
25;88
51;44
80;51
45;41
99;63
42;95
76;63
98;11
75;1
57;74
64;87
68;13
23;44
87;96
15;66
8;16
7;29
99;68
74;3
73;26
57;21
5;66
49;95
89;71
77;23
60;69
74;19
12;10
19;14
18;97
10;47
39;42
36;1
76;19
88;12
23;50
33;65
89;71
30;77
66;57
44;81
56;100
81;56
75;100
55;65
76;1
91;3
94;79
90;58
41;85
14;35
6;86
83;74
3;21
70;75
53;87
80;2
16;52
100;48
40;70
12;61
69;32
18;75
87;11
47;14
10;24
100;81
74;64
67;43
62;91
1;24
13;21
36;31
21;44
31;84
39;9
74;61
30;76
18;51
3;83
91;46
68;68
71;31
74;27
9;60
49;18
65;21
27;78
62;92
6;55
51;95
86;33
94;88
62;76
3;76
79;8
36;54
52;1
65;73
43;20
92;86
77;12
68;96
28;79
81;2
94;11
8;1
46;13
85;49
78;78
15;19
89;19
81;7
30;81
95;100
80;66
4;73
89;34
85;72
14;36
56;9
45;96
22;57
73;39
61;12
26;8
43;90
82;61
98;35
54;43
91;92
39;75
45;17
7;30
65;31
80;14
62;29
60;25
71;53
28;88
16;14
41;31
35;83
7;88
87;55
82;35
49;43
68;14
84;4
5;37
23;79
2;42
12;41
74;84
45;84
37;75
28;7
67;13
57;33
8;5
22;17
4;88
76;64
39;63
39;60
82;50
21;60
40;92
52;72
16;80
54;12
30;11
95;97
89;32
30;62
59;94
21;91
85;12
25;44
50;60
53;28
61;61
53;61
13;57
85;84
79;69
30;44
24;22
63;83
64;77
36;92
8;31
33;36
98;25
59;57
63;49
30;49
53;50
31;67
69;52
62;53
73;57
87;22
95;9
14;13
99;58
26;43
18;9
96;12
22;80
84;97
53;10
91;93
1;99
46;83
71;74
62;99
8;91
74;38
85;97
28;62
40;98
9;41
16;79
71;63
21;89
4;31
42;85
75;50
56;68
47;21
33;11
28;75
15;62
40;41
40;19
63;73
96;98
48;23
31;50
76;17
26;31
44;80
32;10
5;3
88;72
8;46
14;51
84;19
63;53
36;43
68;86
30;66
46;7
93;95
63;30
19;53
15;81
52;48
18;57
55;78
17;55
38;18
91;43
56;81
64;96
42;46
3;96
57;65
56;92
20;56
11;57
14;71
49;71
42;21
4;55
6;92
63;23
78;77
8;16
94;66
69;22
51;41
9;67
7;94
97;86
99;92
10;61
43;40
71;69
69;67
91;90
91;2
3;36
96;75
81;3
20;29
22;98
78;84
24;56
47;65
40;75
16;32
82;54
85;37
33;48
44;42
71;63
12;16
26;29
92;2
37;44
28;81
16;8
16;55
12;79
19;48
86;44
56;39
82;19
84;96
27;1
62;54
24;28
42;31
46;22
45;7
48;39
54;5
31;93
26;80
99;98
49;65
30;70
13;14
38;92
39;49
45;37
12;91
69;83
57;36
88;25
52;42
66;32
23;43
42;22
75;99
35;44
5;7
81;1
73;11
18;35
91;52
54;23
46;57
15;32
29;63
18;41
17;39
36;9
10;28
62;54
76;45
36;80
14;96
88;91
52;46
3;83
11;73
48;75
93;40
53;90
78;76
67;60
60;78
57;41
97;41
58;27
5;31
97;52
2;70
34;6
35;33
96;9
45;44
44;44
95;89
16;29
99;21
51;29
85;47
82;51
43;61
36;89
41;66
32;29
24;4
5;73
15;86
66;73
82;21
95;26
10;10
71;15
81;46
79;23
23;86
24;79
75;50
83;39
26;6
69;3
20;48
2;81
98;62
48;99
60;14
9;23
27;88
86;68
77;26
21;58
53;25
11;17
65;87
64;34
86;93
40;42
56;8
41;54
60;48
95;35
61;12
16;26
5;30
53;52
85;35
44;88
80;24
37;26
63;37
70;60
1;61
22;21
60;47
28;13
36;97
92;11
82;75
90;41
70;9
65;100
45;5
81;14
96;78
1;99
14;75
80;11
22;88
47;88
39;97
28;19
72;45
35;26
60;12
11;57
42;36
46;11
43;95
23;88
15;63
8;4
51;100
6;69
88;100
100;44
56;3
99;80
63;56
60;54
28;54
17;46
77;76
43;53
98;44
21;20
79;2
49;14
65;11
29;85
40;15
95;57
37;99
59;26
86;30
15;34
87;29
25;20
10;58
41;54
1;1
23;3
14;65
65;70
61;10
81;32
18;56
4;1
64;99
84;6
58;6
97;71
90;25
48;29
17;2
43;47
88;54
45;87
86;94
47;35
51;35
58;81
44;55
16;3
1;59
93;11
91;83
24;95
12;84
15;6
38;96
26;72
24;55
28;99
44;47
60;67
20;2
75;28
9;96
22;29
80;3
27;10
49;71
32;76
95;81
75;61
4;14
28;37
26;21
53;94
62;23
26;97
46;12
30;69
47;54
39;70
45;53
61;45
78;18
57;20
24;61
35;78
33;36
58;5
6;96
24;44
38;3
43;21
86;11
70;72
86;11
55;78
10;18
66;45
70;33
18;99
97;69
48;11
50;28
94;89
62;86
71;22
7;48
18;35
80;63
84;6
54;97
37;2
10;69
90;70
71;45
91;31
48;55
17;7
53;11
52;15
100;55
13;46
87;43
23;74
99;70
30;47
54;97
58;66
25;48
55;59
44;50
19;88
30;59
61;88
68;75
34;93
98;47
85;12
25;53
1;87
48;16
7;42
83;54
50;72
80;23
83;6
70;32
38;79
16;25
8;82
59;66
15;100
56;77
28;40
23;97
7;60
9;53
30;4
43;10
39;69
1;41
5;28
16;100
43;94
95;98
36;24
39;56
84;54
76;82
12;87
60;96
14;98
9;83
44;80
7;24
59;76
59;7
63;100
23;29
54;44
54;92
4;44
99;74
26;26
77;19
19;28
61;61
3;18
32;78
64;36
47;14
18;15
96;91
7;58
56;98
50;8
53;13
39;35
34;75
68;89
35;100
60;63
9;89
80;1
2;71
35;41
9;55
88;39
43;48
89;75
42;68
69;69
35;22
95;35
13;27
60;37
57;98
5;43
100;95
82;68
69;15
17;31
23;79
36;21
2;20
80;45
82;63
57;40
56;40
66;83
60;42
21;46
96;68
87;90
50;12
71;71
53;15
95;30
23;33
85;59
88;95
60;80
88;19
98;48
41;56
87;54
40;24
5;100
72;21
66;46
44;74
45;99
38;32
9;53
92;71
89;99
85;88
65;41
58;74
69;92
51;10
51;62
30;16
18;99
85;92
15;1
9;78
65;88
1;28
21;23
19;27
81;64
51;25
23;29
1;72
72;2
34;88
69;14
86;43
77;87
54;54
82;47
66;55
6;56
52;100
15;95
27;13
49;43
30;67
34;3
83;16
78;33
61;56
73;55
76;71
41;21
97;26
72;92
17;7
2;65
2;80
98;97
70;32
49;95
43;48
48;54
18;26
26;55
93;35
20;2
92;83
60;63
27;56
33;4
36;34
50;65
67;3
20;15
67;35
76;53
53;5
17;86
77;92
24;40
21;11
19;16
74;82
59;80
59;20
88;77
85;86
5;58
92;18
26;77
66;41
92;39
45;79
84;55
61;67
55;59
7;15
63;34
31;42
27;99
20;48
38;96
3;5
90;20
27;5
11;47
26;19
22;57
6;29
25;48
35;53
12;49
76;66
82;47
65;65
82;89
53;26
55;44
48;82
73;41
77;60
43;97
25;43
98;4
44;31
77;11
55;35
22;80
45;20
23;80
25;57
60;74
75;61
90;98
7;77
94;61
42;15
26;81
10;27
100;71
29;38
77;22
57;27
86;7
11;25
1;42
12;16
43;23
83;24
43;31
12;33
99;35
21;74
53;63
15;2
8;67
36;29
42;6
37;70
36;57
5;35
16;86
94;80
66;56
93;65
77;8
79;2
98;84
1;75
34;75
25;9
71;2
36;45
44;55
75;82
87;3
92;89
85;77
18;47
68;33
38;46
83;55
8;1
94;62
92;73
25;7
80;62
3;42
20;22
25;72
3;23
89;2
40;45
76;57
94;47
72;89
83;68
51;78
14;36
38;51
74;7
31;33
63;80
77;73
68;17
52;47
71;4
34;85
55;51
64;9
5;18
93;16
62;53
96;70
48;14
88;67
62;77
24;21
52;66
33;57
93;62
68;16
98;46
15;89
56;75
36;46
49;3
67;86
60;7
29;88
42;7
59;78
39;51
19;62
84;8
76;71
15;14
8;97
20;37
84;43
79;66
74;53
73;44
25;66
58;43
26;59
90;71
81;81
62;11
5;6
82;53
6;78
30;98
17;34
55;11
20;16
31;55
32;90
94;71
84;57
17;73
43;19
35;20
55;72
33;40
63;79
83;79
37;75
40;13
54;39
64;27
74;84
96;53
44;54
38;39
59;52
13;33
100;48
53;48
99;69
10;45
42;80
34;59
66;8
11;2
65;75
51;53
61;10
31;86
100;84
58;44
98;78
25;29
19;29
64;20
9;4
10;80
22;66
11;75
50;51
57;98
41;12
27;65
30;95
68;83
71;58
59;57
78;5
79;62
36;84
14;56
37;56
23;43
99;82
32;83
66;21
11;28
75;46
72;85
24;2
16;33
94;30
63;51
50;78
99;45
18;42
50;9
17;12
18;16
76;95
82;96
40;41
47;1
97;22
78;40
57;34
88;52
99;54
17;82
52;89
57;29
36;43
80;83
49;37
97;2
78;73
42;57
49;83
48;80
93;2
86;50
82;40
23;87
68;65
99;10
36;97
89;49
64;26
5;37
5;63
44;1
22;58
97;26
36;40
26;61
9;48
68;42
76;93
31;88
92;28
96;78
57;58
36;58
93;65
95;42
72;71
54;19
38;64
39;42
26;21
99;59
68;66
44;87
92;82
90;1
47;19
80;5
28;55
38;37
51;73
40;61
17;92
88;31
25;17
70;79
89;71
82;11
23;76
70;11
58;84
76;67
34;58
91;89
94;78
9;85
14;34
71;39
1;44
29;17
98;68
99;67
12;84
50;6
49;70
42;82
47;33
30;88
12;25
81;91
73;89
44;2
25;45
71;6
18;28
90;40
35;62
29;92
84;68
33;47
51;64
59;96
98;19
45;46
19;54
87;26
65;92
15;19
92;64
39;10
8;17
64;13
77;72
6;19
59;23
98;40
60;19
73;50
94;11
100;8
6;48
16;81
91;80
84;74
73;31
65;24
58;44
65;60
90;39
86;74
33;69
24;80
89;12
42;61
42;80
51;7
86;73
40;83
57;46
86;25
81;91
24;26
4;45
84;24
22;7
61;28
75;33
14;87
24;16
64;37
48;26
47;80
98;80
50;5
41;29
8;74
80;80
94;64
69;99
97;40
55;42
90;86
95;35
22;15
38;76
84;29
100;45
42;17
89;62
6;3
1;33
29;80
25;70
41;5
81;92
17;100
25;46
95;48
16;28
66;40
9;11
99;69
69;77
30;88
49;34
65;83
62;38
37;47
34;76
2;69
14;84
9;2
19;73
3;48
85;87
45;66
91;60
53;75
78;86
13;11
19;51
50;88
80;34
50;48
65;52
24;45
5;14
99;4
62;13
22;92
28;81
6;8
55;3
23;80
89;20
9;78
42;75
85;51
93;91
20;35
25;30
84;42
33;96
78;1
96;41
99;18
84;9
28;88
20;89
74;17
17;94
7;42
67;96
29;53
62;25
1;23
43;56
100;89
23;22
39;60
94;5
8;42
33;25
85;20
48;35
8;43
94;24
61;50
65;30
40;31
1;78
65;16
28;33
66;65
58;47
24;40
24;24
13;6
43;82
57;92
52;72
7;7
28;69
22;58
15;40
29;14
59;2
91;59
83;47
7;14
99;71
88;88
31;69
70;86
22;69
8;88
29;31
81;73
21;34
26;18
94;15
10;61
78;63
65;52
75;91
74;10
6;97
43;92
61;94
96;23
78;95
100;55
21;48
9;53
28;29
32;40
50;97
19;47
16;85
15;30
75;51
64;32
47;76
42;38
72;27
55;100
93;32
88;5
37;64
80;82
47;80
59;99
15;6
81;41
80;18
89;47
78;45
68;80
27;20
23;27
62;68
14;78
11;24
67;53
19;7
23;71
92;25
74;12
44;5
36;80
71;53
91;95
70;14
20;8
55;64
62;31
90;81
7;9
87;30
29;8
62;73
35;35
90;1
90;84
33;19
62;43
18;29
75;94
18;84
8;88
59;70
37;50
7;86
73;27
66;83
78;8
31;39
41;3
63;60
34;56
63;78
30;56
61;73
47;96
94;27
44;32
80;66
43;35
42;87
58;48
78;99
5;73
18;65
34;60
42;60
54;60
68;58
49;64
87;43
14;65
43;76
94;39
84;32
72;24
86;95
27;77
19;50
26;50
59;87
68;38
62;61
81;63
46;3
80;100
24;90
91;56
75;32
69;65
98;64
95;5
37;81
18;68
64;72
70;49
64;12
18;65
87;83
43;16
22;3
71;38
83;15
75;86
42;30
26;78
70;71
83;61
96;84
49;93
70;37
36;46
89;53
15;54
28;35
100;89
47;89
46;73
71;27
37;3
3;4
19;4
6;63
73;65
92;16
97;77
6;28
55;55
5;36
90;50
77;71
58;25
2;83
89;86
90;19
31;39
81;78
98;70
87;36
83;91
15;70
100;41
79;90
1;85
34;65
56;74
76;91
59;66
62;99
23;73
47;26
38;54
99;90
15;20
5;78
37;21
43;35
41;82
4;24
64;57
99;95
37;82
41;36
45;95
84;92
52;42
1;30
55;78
69;95
83;94
26;61
34;86
55;24
39;8
61;36
36;96
24;20
10;53
10;65
85;40
68;23
84;1
56;52
60;75
14;39
70;63
24;34
60;5
64;74
84;58
95;82
89;55
58;53
94;29
10;12
42;64
100;37
67;97
68;35
38;11
37;95
40;20
77;53
97;92
10;78
14;92
19;37
64;25
53;65
37;64
19;30
65;32
33;66
16;47
64;17
94;24
55;21
29;2
40;4
19;30
31;62
19;49
34;60
20;43
51;66
49;78
38;10
41;5
22;53
6;5
72;10
71;86
75;14
86;56
71;22
55;40
54;66
100;45
41;46
34;81
86;15
50;52
73;9
67;86
18;81
51;1
53;5
73;80
30;79
27;18
35;37
87;24
73;38
2;59
75;93
28;10
41;15
91;83
76;20
23;60
83;67
81;91
44;92
66;37
6;90
85;94
77;6
9;14
21;63
18;96
12;1
22;77
14;41
28;28
94;100
55;3
18;19
40;34
76;78
99;86
63;14
71;38
85;3
88;3
98;71
89;72
53;53
59;30
6;13
32;54
7;10
3;17
66;80
16;87
7;92
12;63
36;47
71;29
1;31
2;37
39;73
66;63
2;53
72;100
72;39
1;78
97;31
5;40
35;77
30;61
48;79
85;33
84;86
39;12
58;18
91;76
9;82
7;20
39;36
96;73
14;73
34;22
54;29
68;80
78;26
80;40
28;37
38;97
15;34
100;98
72;82
88;97
1;66
38;61
93;35
79;77
29;4
93;100
26;1
53;89
17;31
53;12
53;46
68;35
38;96
97;57
19;29
8;65
53;1
8;10
50;97
83;21
27;91
3;85
16;51
3;97
75;83
96;50
34;38
78;59
72;33
81;20
34;35
73;93
9;68
91;27
83;64
96;68
96;5
32;73
17;81
39;97
30;4
48;94
79;69
64;83
2;8
94;70
39;40
28;90
67;15
33;25
58;28
21;66
73;70
99;70
78;11
13;93
12;58
72;72
87;66
75;81
58;79
58;41
37;34
50;86
6;33
86;7
13;98
64;72
28;100
61;88
29;41
92;16
15;7
6;15
23;60
57;4
35;68
27;99
45;39
91;70
28;100
20;97
37;97
66;98
36;31
46;40
76;97
47;32
95;32
87;65
65;61
15;24
63;53
15;94
5;45
11;42
46;57
25;85
10;97
59;12
80;60
16;52
100;77
51;42
22;50
82;97
71;1
36;39
88;52
61;32
11;62
90;69
96;74
53;41
57;39
43;42
68;66
98;77
3;77
86;31
52;94
37;68
29;54
26;83
57;10
1;44
100;18
59;99
58;97
7;1
45;68
38;20
83;76
2;32
15;88
4;52
93;31
9;67
53;57
19;69
31;38
90;71
89;4
95;56
21;47
29;44
11;71
80;88
68;86
84;58
46;17
44;12
33;43
21;21
92;39
44;64
49;22
64;6
57;42
61;18
1;57
71;86
42;21
77;18
85;55
22;63
90;50
100;47
38;81
59;34
76;32
37;35
78;16
40;99
88;65
63;3
48;64
79;14
97;73
95;94
75;47
9;35
93;66
5;26
48;37
93;62
13;90
36;42
13;37
31;73
15;61
43;88
9;59
68;37
67;74
82;23
54;6
41;85
9;57
35;8
100;80
27;5
42;31
40;15
39;4
71;56
70;49
10;87
26;100
82;35
18;84
79;89
5;11
26;27
4;28
72;3
94;62
31;8
50;33
36;20
72;18
71;17
27;78
51;55
55;56
97;43
32;70
20;43
51;87
56;26
98;78
15;2
13;24
29;10
99;72
38;18
86;61
24;11
4;1
50;11
27;70
34;32
21;19
49;11
78;30
20;73
79;15
45;16
71;96
41;68
5;86
17;3
4;24
66;11
8;97
49;4
79;50
63;32
19;36
72;89
51;88
25;17
80;93
62;11
86;8
12;42
69;57
14;33
8;7
46;14
63;11
27;47
24;17
39;26
100;9
15;93
29;9
65;43
25;23
49;5
98;57
13;73
95;80
45;87
62;16
10;39
27;61
70;65
32;29
76;82
88;67
61;76
92;6
99;61
17;86
86;43
1;42
37;97
70;16
53;61
5;74
72;58
76;49
29;43
93;42
96;56
4;2
4;59
45;82
14;1
6;93
86;58
56;22
16;75
52;32
47;96
78;59
95;98
83;36
50;50
85;88
57;25
88;11
49;13
52;92
75;76
76;36
84;40
26;94
58;90
99;9
27;51
12;66
34;81
13;79
60;76
67;81
50;69
51;69
28;67
27;59
74;99
17;58
71;92
52;20
7;7
30;33
12;55
92;88
1;12
84;93
64;9
92;2
94;14
80;93
85;64
94;59
36;27
4;7
44;91
15;35
2;79
1;4
88;89
19;31
32;25
81;4
8;9
51;60
57;82
57;93
10;41
86;95
8;1
65;39
56;60
1;90
6;35
2;85
73;25
41;44
61;32
11;49
91;65
23;94
79;35
10;67
53;38
45;51
66;91
48;68
82;4
100;60
87;43
58;73
80;12
45;42
15;49
9;36
85;94
46;94
4;12
55;12
86;51
88;92
38;75
23;53
87;1
57;12
40;53
83;72
54;31
30;75
19;83
11;27
57;82
27;93
66;74
90;96
84;20
49;88
77;63
68;69
42;32
6;29
16;70
48;14
47;40
11;27
82;73
32;29
72;52
25;20
84;97
81;48
64;98
27;73
32;75
71;92
60;96
32;68
46;29
3;3
6;61
77;8
43;90
64;97
83;58
5;27
21;28
86;92
25;1
65;43
5;36
73;91
31;86
91;10
4;15
33;11
74;38
61;49
79;75
26;69
11;1
76;43
62;64
28;15
31;80
7;25
43;30
99;9
84;40
7;92
2;24
92;60
80;12
41;76
89;61
60;25
29;17
78;61
86;10
46;10
84;65
45;92
54;57
100;32
86;79
73;76
28;58
65;21
44;29
62;68
50;1
18;75
64;43
80;74
84;50
78;7
98;60
46;73
32;41
21;99
64;35
42;57
89;33
25;82
33;36
11;52
91;95
36;37
27;40
63;24
71;8
79;81
30;38
6;49
90;90
61;81
4;14
95;81
99;5
85;79
22;13
56;3
92;100
1;11
71;9
99;71
30;26
68;81
40;17
66;43
94;57
72;94
68;58
82;27
60;55
25;48
28;84
73;100
16;51
55;22
60;1
98;71
1;76
28;41
15;1
37;79
34;16
78;77
32;3
11;50
68;91
16;6
46;48
88;73
66;30
37;3
5;71
20;17
63;10
63;26
98;27
97;56
97;30
75;99
19;37
18;85
7;82
98;42
7;65
80;88
45;37
89;5
99;15
46;33
58;74
16;43
51;62
22;14
93;80
36;79
67;23
88;91
90;62
80;12
75;66
37;79
37;18
72;28
41;86
63;34
1;20
17;88
45;20
61;51
98;5
41;73
69;14
2;15
95;40
8;27
16;69
65;62
49;35
10;4
94;68
57;71
56;48
52;61
87;7
79;42
4;14
62;17
81;31
70;96
64;58
30;6
70;69
83;46
33;52
61;54
47;61
61;53
42;61
95;79
20;24
11;18
59;40
58;8
55;90
100;44
41;11
30;92
8;58
7;2
21;2
69;70
61;82
26;73
27;69
6;10
50;96
66;90
98;21
4;84
63;38
14;61
59;58
81;43
60;33
86;16
36;23
3;70
57;42
64;70
11;23
88;21
89;66
39;19
66;82
74;87
53;67
16;80
23;28
51;30
45;51
60;22
13;70
41;45
58;14
24;1
93;40
4;90
67;59
95;44
92;67
40;11
96;80
49;79
5;82
51;63
16;85
72;70
87;37
67;93
73;67
16;45
83;97
42;45
66;92
86;86
54;5
57;36
53;90
82;56
86;83
72;13
77;28
17;82
86;47
9;99
3;7
64;91
38;25
11;90
59;73
69;46
61;75
39;87
40;4
45;87
18;14
85;87
63;84
10;72
50;48
93;52
27;24
73;5
83;68
1;46
94;27
77;29
12;57
33;96
37;62
85;20
94;92
15;43
46;18
41;84
93;28
14;7
24;58
20;95
49;61
27;19
89;26
5;4
3;49
57;66
39;15
77;7
66;64
5;72
37;42
79;49
26;76
55;3
13;59
13;19
59;80
7;59
38;60
82;85
84;25
71;76
35;84
57;61
61;40
68;67
37;54
43;45
72;18
36;32
63;57
27;81
18;28
45;97
20;86
86;92
33;70
41;5
54;50
90;68
4;67
88;13
27;30
77;35
60;41
59;37
39;82
26;44
92;94
50;5
80;66
25;37
24;25
71;85
83;80
88;97
55;14
9;41
14;95
90;40
79;100
50;5
5;32
3;52
94;82
74;26
86;55
20;4
80;42
21;58
75;95
41;82
31;16
11;3
15;85
55;68
82;60
55;1
93;100
64;75
18;67
62;79
86;35
72;76
80;86
83;14
66;88
11;78
16;69
52;1
68;93
27;41
5;99
77;26
80;45
79;15
26;81
4;84
30;76
38;74
9;47
8;50
16;26
30;29
26;70
3;17
57;95
75;80
83;78
90;37
2;49
85;39
97;36
71;66
14;5
95;15
72;6
80;43
12;11
18;54
23;87
28;16
53;61
72;91
66;44
12;10
10;23
2;65
40;98
68;84
52;61
73;87
79;28
29;5
16;56
96;79
2;96
81;7
28;2
11;53
10;80
89;11
16;79
33;40
58;88
68;70
93;2
58;74
95;99
81;36
24;65
36;75
89;75
76;42
34;68
65;32
45;39
63;92
22;88
85;39
94;28
100;25
2;62
46;87
40;55
62;83
38;76
89;14
75;33
92;17
50;75
29;51
75;49
8;6
45;84
28;35
45;65
15;2
7;33
42;87
93;12
43;44
54;66
3;55
20;47
70;75
4;9
78;61
19;76
62;60
90;32
7;59
29;4
1;46
4;72
3;43
36;21
90;45
41;36
80;7
59;87
47;49
29;95
34;65
73;57
51;13
51;57
11;24
24;59
82;3
83;19
17;83
47;83
82;27
52;70
28;96
14;81
100;53
97;82
38;84
21;27
13;25
43;63
72;93
33;36
31;97
49;60
14;26
84;10
82;9
63;14
63;51
4;42
29;57
83;32
3;66
29;79
28;12
68;6
49;38
59;32
49;96
68;67
40;49
80;54
60;37
67;89
42;96
15;72
4;36
2;84
32;39
42;22
34;35
55;21
55;72
91;99
43;66
36;32
90;19
49;26
16;7
60;96
98;93
36;23
90;72
47;32
18;7
5;31
6;97
62;66
27;77
54;85
80;24
31;50
4;30
5;61
26;74
93;61
84;83
91;92
4;84
59;93
42;24
92;5
66;59
33;73
39;78
44;33
100;94
70;5
32;26
64;62
24;60
12;51
83;94
24;69
41;84
9;88
54;51
66;58
76;64
75;82
6;28
26;55
92;39
17;27
95;55
67;46
48;84
9;31
26;13
19;96
28;8
61;55
42;62
46;29
12;8
54;92
81;37
91;50
87;2
9;96
51;94
58;40
39;77
100;65
73;72
17;49
95;98
91;34
7;68
58;49
10;18
84;19
57;82
69;10
8;17
56;66
10;6
15;24
9;65
68;14
95;7
16;22
91;3
28;93
47;1
97;66
74;14
99;12
74;16
77;98
93;30
19;77
49;55
91;89
79;32
65;58
51;21
79;12
12;20
16;58
84;53
52;90
42;13
80;55
26;67
5;60
5;50
88;20
70;35
42;65
100;84
99;4
38;60
13;54
94;72
85;77
84;83
92;89
6;79
100;76
36;92
61;2
56;88
7;52
24;97
67;10
61;18
71;68
73;28
78;19
58;64
16;84
25;36
15;46
20;43
53;52
25;45
34;68
85;33
92;17
63;16
83;100
43;66
31;49
39;61
1;75
44;56
25;100
76;22
34;24
2;45
2;76
79;78
47;81
18;3
61;37
77;47
16;4
20;93
95;67
51;13
5;85
71;10
20;16
28;25
42;68
12;67
39;53
68;77
63;3
74;28
95;46
10;8
88;72
93;33
7;50
14;12
40;21
32;62
72;2
85;39
67;35
76;35
4;87
47;79
82;66
50;7
7;13
53;37
13;71
76;65
98;38
64;3
47;68
88;90
52;40
29;88
61;16
12;27
89;18
60;46
34;91
75;27
5;3
76;28
77;63
8;19
100;33
97;18
91;55
17;64
71;68
73;41
16;86
31;74
73;62
10;97
57;75
36;69
34;19
20;69
3;30
16;12
30;38
7;91
98;85
51;20
77;82
46;81
6;2
28;48
82;100
17;48
51;44
78;87
93;56
13;33
5;55
63;100
31;87
35;94
81;76
19;14
38;34
92;53
65;10
78;16
63;5
32;11
77;78
56;2
3;8
9;51
50;44
45;44
99;36
35;12
29;61
64;30
75;18
22;9
39;81
11;44
40;96
22;46
57;84
42;47
45;29
7;38
22;64
42;83
56;40
33;48
60;64
95;55
11;3
43;46
16;39
8;23
9;33
54;43
69;89
37;9
53;43
91;61
89;47
66;98
75;9
73;64
61;3
55;37
1;7
9;89
13;59
81;91
26;23
76;30
58;25
95;32
69;88
53;19
5;56
19;56
8;80
26;93
24;82
53;91
57;40
21;82
4;20
17;31
21;8
72;25
78;56
76;67
43;89
80;38
76;72
71;37
69;51
6;78
63;45
94;33
42;43
54;48
68;82
1;40
64;71
54;4
66;70
56;31
54;65
6;61
33;67
66;24
93;73
75;88
22;89
25;7
37;94
42;85
72;23
42;55
67;35
9;86
35;64
19;5
89;71
72;40
24;7
17;57
55;48
65;60
51;75
15;25
13;59
74;18
88;99
30;13
62;74
65;36
63;78
37;94
53;35
100;43
9;23
40;58
50;79
63;49
32;73
11;42
33;63
80;53
72;73
60;49
83;10
1;66
52;27
9;85
24;30
45;99
13;87
27;23
28;83
20;9
58;79
23;1
23;86
9;62
20;53
24;57
82;22
21;8
76;98
89;58
8;99
98;31
33;23
23;79
31;54
76;81
23;44
92;38
70;13
7;31
84;82
98;8
84;21
98;36
56;3
24;39
55;19
34;52
45;57
87;100
43;95
15;9
17;54
13;19
72;50
61;78
74;17
93;16
36;58
100;18
64;22
72;92
83;91
74;36
70;98
28;16
79;80
69;8
25;85
59;87
17;17
100;81
3;4
93;19
4;7
6;61
34;86
66;20
6;56
61;74
11;60
45;77
82;43
68;27
26;35
82;30
10;20
28;13
88;56
100;19
82;32
94;51
77;35
28;95
20;44
77;86
36;39
92;9
56;17
44;12
8;100
39;23
53;39
48;33
23;94
81;26
61;40
43;35
58;5
76;67
99;72
92;73
65;96
61;88
33;59
96;39
21;35
82;38
28;64
96;87
57;98
61;29
23;27
22;74
34;40
16;2
68;61
88;34
20;59
2;69
27;92
24;50
71;58
51;48
46;81
44;30
20;26
83;27
80;25
66;99
37;17
83;61
30;91
33;38
93;24
72;60
74;98
64;10
99;81
2;77
64;66
68;76
63;66
16;69
93;66
3;25
1;31
21;90
54;42
12;22
65;30
78;92
19;38
77;60
17;80
8;11
33;19
30;96
75;97
7;29
32;2
69;50
6;94
61;86
51;42
80;61
41;34
45;9
85;23
25;39
53;68
96;36
7;20
31;71
52;23
92;29
15;66
41;56
27;94
21;87
44;25
45;58
45;84
52;33
33;81
77;62
89;17
92;7
16;19
48;99
96;90
57;1
2;37
6;88
72;26
51;81
40;4
62;65
15;67
60;53
73;21
7;64
62;49
76;81
73;2
89;33
56;52
3;49
79;30
62;89
46;27
56;80
59;5
29;12
18;6
1;83
88;51
54;11
73;12
15;50
49;44
71;73
83;13
96;1
28;80
90;43
77;100
37;53
6;14
32;54
36;69
71;99
96;68
16;55
51;38
51;46
23;37
86;91
47;28
20;97
65;50
1;82
2;46
8;78
100;14
63;23
28;39
95;5
16;64
84;56
88;27
24;85
98;42
62;24
49;93
62;68
47;58
50;12
45;4
56;71
70;60
36;43
88;55
64;97
46;37
23;31
96;88
73;86
81;15
25;43
33;97
86;86
48;14
99;35
62;100
56;75
23;45
96;15
33;87
97;32
76;16
100;86
65;92
48;88
70;69
85;22
37;25
38;85
65;76
64;50
13;6
89;5
81;54
6;87
77;45
83;67
87;50
62;92
30;34
75;48
1;88
84;72
26;18
48;20
17;55
24;69
1;12
96;61
35;34
10;5
96;65
11;46
52;6
89;65
59;77
31;51
37;74
87;21
62;71
45;62
7;83
4;25
63;31
85;71
33;64
40;26
99;80
61;77
43;52
90;26
35;52
83;84
42;21
87;89
94;37
25;66
45;88
10;48
29;65
44;64
45;20
4;56
85;21
51;32
98;71
45;93
87;33
29;3
56;75
70;31
4;44
90;11
50;36
50;57
75;33
5;14
2;96
98;49
7;100
45;28
56;92
79;72
97;17
25;11
89;82
51;42
58;22
19;50
4;87
53;77
45;15
74;11
82;49
54;40
6;95
34;43
87;42
86;49
69;72
33;23
48;18
41;82
2;96
25;88
75;85
45;40
100;13
70;31
81;61
85;43
19;25
7;11
51;27
57;85
77;79
34;52
14;30
21;34
45;63
53;44
72;96
