78;66
94;74
19;87
15;85
27;91
84;80
31;36
83;37
35;75
8;99
90;33
62;20
37;28
8;63
91;72
16;63
30;17
35;79
26;93
80;86
46;89
19;97
84;6
21;85
6;65
49;88
10;2
67;81
63;42
3;58
29;83
74;36
4;10
82;70
55;48
3;74
48;89
91;27
61;46
72;68
37;24
58;54
86;76
83;27
22;77
94;27
27;64
56;56
21;3
80;100
54;34
20;44
89;16
54;22
92;83
84;49
84;48
75;12
73;48
34;46
31;95
79;23
28;30
88;36
84;51
100;60
57;16
57;34
13;20
26;4
26;6
93;13
8;8
46;13
32;84
86;72
55;20
62;91
84;71
85;44
9;78
29;47
12;1
3;79
49;94
64;31
32;36
5;50
48;51
95;84
96;75
54;72
75;79
5;71
68;40
47;36
8;31
64;59
29;79
92;31
58;33
92;27
30;97
45;51
15;81
15;70
26;12
48;6
98;6
58;31
84;73
15;3
99;56
96;38
16;52
25;40
39;71
47;62
19;37
87;55
56;20
69;86
68;62
26;78
96;42
50;55
88;34
81;17
94;12
11;90
11;98
75;34
17;1
80;75
75;83
80;51
72;11
31;5
33;79
20;96
23;39
55;97
73;100
92;88
19;90
83;66
56;37
1;21
30;53
24;40
91;6
84;82
3;27
45;91
53;9
51;1
73;74
77;12
99;94
94;3
49;71
32;84
73;9
18;70
82;38
6;61
1;58
4;94
56;5
99;4
24;3
77;30
83;35
23;28
51;44
91;63
12;24
94;66
65;42
36;28
10;76
26;57
15;58
72;35
14;6
26;49
40;4
64;34
2;13
16;29
45;59
12;31
35;5
52;87
23;12
53;78
38;23
14;64
72;12
87;19
19;61
27;18
55;59
76;69
17;3
84;52
56;45
40;30
72;52
82;72
36;59
72;34
51;53
73;68
43;47
93;40
5;44
51;99
77;60
94;16
4;12
82;78
68;30
94;36
68;29
16;72
36;43
60;62
23;74
80;2
5;36
8;70
76;91
45;8
40;4
67;76
12;97
57;73
9;55
83;62
80;95
54;76
36;49
59;11
31;35
78;49
1;100
20;85
66;47
36;27
65;99
91;43
98;63
34;14
45;41
98;90
73;86
95;68
4;67
37;6
15;13
26;81
6;2
88;85
48;74
59;23
92;80
26;60
59;32
44;62
44;20
49;27
96;4
16;67
43;40
16;36
67;35
4;92
47;49
64;36
54;2
38;29
55;85
8;49
52;26
99;26
71;66
89;97
3;52
53;63
48;9
83;36
87;31
90;76
89;76
23;34
68;85
40;72
96;14
48;79
66;77
52;55
83;35
53;95
55;20
94;2
10;87
76;49
46;15
3;13
79;69
58;15
18;94
65;82
14;43
46;92
66;26
98;65
19;29
18;47
71;29
80;56
97;86
37;96
2;19
42;72
58;37
46;74
17;13
36;98
83;36
79;2
29;59
98;75
24;76
62;26
68;3
95;62
8;45
51;100
88;14
64;42
76;9
24;10
85;4
78;54
66;88
47;15
81;88
60;36
40;90
3;33
35;9
43;58
80;2
67;51
29;38
2;39
9;19
74;22
14;90
14;38
56;5
61;14
92;57
12;82
14;12
23;77
51;2
20;15
32;100
32;96
87;89
42;39
42;61
97;24
83;76
17;22
8;98
35;84
53;70
82;72
58;59
99;18
1;97
53;38
48;59
61;15
73;42
61;2
71;39
69;13
12;19
41;27
60;39
99;88
28;53
59;9
1;78
8;2
84;53
20;22
57;46
48;29
26;44
52;29
71;66
41;34
100;34
49;54
5;61
59;75
33;94
80;89
51;61
63;10
64;12
40;79
33;65
33;60
14;70
24;75
8;43
51;22
92;20
4;10
2;46
44;97
40;20
24;1
61;84
54;76
6;63
60;15
67;87
27;89
37;32
44;49
97;55
27;33
53;36
77;42
96;42
19;47
73;96
93;79
67;10
78;37
72;41
34;9
27;71
58;53
79;100
94;65
79;18
82;24
7;91
17;62
24;12
6;80
61;84
30;2
78;51
78;7
1;49
11;42
88;6
49;30
48;49
40;60
16;40
1;39
55;51
12;72
20;65
70;72
96;20
92;53
17;34
87;53
71;98
42;83
20;70
14;85
78;19
19;17
62;87
7;9
82;77
53;64
98;94
89;97
56;83
9;3
95;59
68;69
81;17
91;65
40;74
78;26
