86;78
100;66
93;18
44;27
28;75
99;50
96;16
68;11
35;89
73;24
51;70
62;45
61;62
97;97
62;84
40;77
30;81
59;98
49;33
99;6
12;9
41;72
77;37
27;44
50;84
57;25
69;50
63;78
54;58
52;27
21;20
100;59
90;65
44;53
49;44
16;68
59;20
48;98
49;52
5;49
94;9
84;89
78;84
57;32
82;60
61;76
71;25
43;32
72;3
76;36
86;77
93;54
75;22
26;61
29;97
23;43
48;10
72;83
20;9
75;40
62;69
51;82
45;41
62;59
79;3
63;79
60;76
15;100
11;58
91;11
67;66
41;98
55;25
13;11
20;62
44;20
31;65
53;99
34;42
5;67
97;29
37;97
26;34
64;55
64;94
58;11
78;88
11;88
69;87
89;83
17;95
90;100
73;32
21;17
38;52
12;10
28;63
67;37
48;53
42;53
9;43
28;67
80;54
77;18
67;78
11;44
6;8
25;71
24;49
17;96
90;2
79;52
95;35
3;66
1;2
80;65
26;9
39;28
50;9
13;49
49;88
97;90
37;96
90;16
68;2
2;64
16;61
71;15
40;53
48;85
78;52
11;93
79;62
30;51
4;63
73;52
2;60
44;12
37;43
36;93
21;50
43;88
96;17
64;77
18;55
77;85
66;12
82;47
73;29
29;44
79;55
59;40
7;84
28;71
19;57
41;12
98;51
56;99
5;26
78;39
7;35
56;99
41;54
24;9
50;27
93;80
52;8
95;11
88;62
14;49
1;62
26;89
5;25
73;49
39;47
39;16
38;27
45;83
35;61
48;86
32;54
38;13
75;16
97;99
25;20
98;92
28;27
36;14
86;72
39;89
43;63
65;17
32;34
55;52
28;64
4;24
67;43
37;84
14;74
75;26
87;28
92;8
11;98
48;76
50;86
7;83
14;51
2;88
88;69
8;69
59;33
27;41
54;84
80;51
48;29
31;94
43;38
50;27
17;30
93;75
20;14
10;74
37;98
79;75
45;74
47;21
15;79
56;90
56;46
13;20
37;94
98;33
53;56
79;12
90;51
28;85
68;14
22;87
8;23
47;98
32;77
75;88
44;35
65;73
48;14
26;32
25;53
37;81
64;39
7;21
55;2
34;61
1;33
77;99
52;89
88;53
84;80
22;68
64;86
12;1
7;33
35;43
43;100
78;31
20;1
22;100
31;25
32;94
25;44
78;78
53;30
91;12
24;65
43;17
89;32
36;11
25;30
60;51
42;40
72;85
1;75
90;14
19;1
40;20
19;35
68;35
31;40
80;32
87;100
97;2
1;68
55;79
11;11
70;70
91;7
79;38
36;26
30;85
78;32
81;75
21;5
6;2
13;21
64;2
34;89
14;29
51;44
55;81
68;58
61;33
100;30
37;40
59;6
28;36
42;90
63;62
92;31
48;80
60;86
73;8
17;81
75;83
69;77
55;24
93;30
2;21
23;75
11;23
41;98
25;4
95;61
83;38
100;23
54;43
34;88
69;63
72;92
70;80
7;31
27;65
7;82
86;56
81;73
26;95
22;32
69;77
6;50
86;55
56;94
34;13
58;71
85;30
6;39
15;1
11;5
13;61
19;13
74;21
10;41
35;62
100;91
46;57
91;86
65;89
6;74
28;39
16;38
74;76
82;6
5;19
8;56
49;12
49;87
99;13
56;58
22;61
58;14
75;3
58;53
30;91
45;67
30;2
50;85
48;37
35;53
82;76
76;75
88;84
28;49
66;40
72;11
21;27
93;80
78;12
46;63
46;62
97;51
33;50
51;19
27;4
77;94
53;32
8;44
17;57
16;13
52;82
14;32
65;60
54;96
85;61
54;94
45;92
92;93
39;46
44;30
1;14
8;44
33;24
14;9
57;39
56;27
87;62
80;43
30;11
9;100
100;87
98;94
12;79
2;10
8;82
46;100
34;44
23;59
12;97
21;95
72;12
33;60
47;73
5;27
23;71
94;89
34;50
58;25
95;64
2;86
47;61
97;12
62;71
83;100
20;73
53;8
26;31
75;84
89;27
15;3
42;45
85;90
53;25
20;32
9;36
48;9
6;45
8;22
77;82
95;57
20;25
88;79
80;34
90;68
95;55
91;5
45;83
72;74
39;3
57;94
36;71
51;22
85;8
56;45
29;47
100;52
100;49
22;7
17;76
83;17
23;26
74;72
97;58
56;71
59;41
90;86
92;77
50;46
35;46
22;67
30;33
77;44
93;85
49;41
4;26
97;50
91;63
2;19
50;81
27;25
71;95
98;53
86;64
63;30
94;8
1;1
52;81
32;76
8;50
9;47
40;26
69;52
37;100
79;31
27;7
19;4
60;43
4;66
100;77
82;51
91;38
39;52
82;33
58;37
9;84
64;43
39;39
17;63
74;53
72;80
33;25
90;90
3;24
19;46
34;72
69;1
8;51
32;21
47;89
72;60
91;75
23;12
43;76
12;9
43;93
79;23
68;26
1;83
3;40
13;67
52;61
90;95
14;9
79;36
100;64
86;54
99;24
47;81
6;55
94;84
35;80
83;44
45;22
92;26
96;74
46;10
61;81
8;9
76;4
70;57
1;25
55;44
56;83
23;12
15;21
11;76
69;72
69;6
45;49
42;56
44;43
17;24
67;8
9;3
83;11
55;47
43;60
18;66
25;40
57;39
38;45
72;39
34;44
35;42
83;46
95;83
63;37
39;4
68;4
65;29
38;89
55;41
88;100
90;55
33;61
60;15
11;15
69;14
60;38
11;30
15;20
94;74
8;11
32;35
32;23
98;72
47;64
27;5
38;66
16;99
34;15
84;80
61;70
67;6
22;32
68;65
56;22
93;76
21;83
60;94
81;12
23;29
87;31
92;39
37;90
1;61
74;57
45;8
13;73
59;33
59;52
1;52
95;95
15;4
49;26
56;5
97;40
67;73
71;69
77;28
7;18
46;26
71;41
66;39
86;60
87;32
14;47
37;66
13;33
61;84
77;61
61;66
29;17
72;23
51;87
94;87
90;23
81;74
39;91
13;54
44;72
50;6
29;12
18;47
91;83
21;62
15;23
88;80
10;11
90;5
39;47
28;3
99;48
22;69
16;7
51;86
29;16
96;4
29;77
9;29
29;41
31;90
57;84
74;22
27;46
