43;80
86;1
99;8
41;17
92;53
12;39
64;16
49;92
18;71
33;28
16;19
66;46
19;55
82;89
69;15
31;38
92;88
24;84
6;81
48;97
99;74
79;28
54;16
70;67
48;2
38;83
8;31
96;43
43;6
11;87
58;6
21;17
71;62
82;59
86;95
14;75
98;94
80;42
63;100
14;59
23;71
6;30
54;36
16;74
76;17
70;98
95;74
100;52
23;72
85;76
33;29
54;6
94;99
21;11
38;27
19;26
35;33
79;95
10;58
87;45
56;25
78;64
59;55
95;1
45;21
39;22
30;38
71;34
27;12
74;83
40;5
73;31
26;84
22;84
90;14
97;34
35;20
65;15
4;9
88;55
39;99
69;72
95;9
6;69
98;56
46;33
51;89
55;100
79;43
98;69
99;77
49;22
97;46
23;57
70;20
19;54
90;33
80;77
28;49
8;14
64;9
7;57
67;24
25;63
99;92
38;96
61;3
69;30
54;55
61;51
100;54
67;8
30;82
69;14
85;72
3;46
36;75
33;22
56;31
79;25
97;4
47;5
82;86
74;7
51;13
30;14
32;91
49;39
28;99
90;44
61;85
93;64
64;8
96;13
5;98
26;46
53;60
5;53
90;78
21;66
7;66
99;75
21;31
43;39
28;5
28;45
92;21
49;9
63;59
63;30
14;90
27;21
100;80
30;47
47;38
68;90
15;68
91;86
65;11
6;7
61;87
77;36
28;24
68;74
61;30
98;12
99;50
56;89
17;35
7;3
51;17
76;38
88;53
93;28
23;25
41;58
69;66
9;93
18;58
50;93
38;23
3;39
31;88
13;66
48;49
10;25
43;34
59;44
85;26
3;59
28;5
78;17
38;4
97;34
81;100
68;60
85;31
43;16
55;2
47;50
35;21
28;92
61;52
15;79
24;37
41;61
75;75
78;21
24;89
30;29
33;61
98;20
93;79
82;71
6;33
58;58
57;79
10;88
7;92
53;43
13;85
15;88
3;100
23;14
27;8
95;64
83;90
57;36
29;54
4;18
43;8
83;59
27;40
29;26
63;75
81;99
63;90
72;60
23;35
96;15
54;76
97;37
64;56
80;37
94;51
8;6
94;51
61;72
100;18
71;15
20;4
62;72
60;31
84;69
30;82
81;61
20;79
27;50
82;88
25;55
49;65
17;67
73;14
49;12
72;32
22;87
83;41
100;35
64;53
78;93
69;47
89;24
24;63
2;66
90;64
45;68
18;21
19;65
67;32
27;9
93;5
18;85
11;56
75;13
86;79
93;43
1;28
28;18
100;20
69;8
65;8
55;42
51;38
95;81
94;66
8;46
96;21
7;15
23;87
81;96
57;1
50;49
39;20
19;27
99;20
39;68
49;33
71;86
100;50
22;21
49;100
78;64
29;5
45;12
78;31
24;38
25;28
46;81
28;33
88;8
58;26
99;97
4;20
16;93
13;54
48;82
57;41
61;29
85;66
8;13
87;98
34;95
61;83
5;65
17;43
28;86
59;4
14;49
11;41
86;33
99;27
80;85
93;61
27;78
90;72
29;53
85;72
73;14
3;24
4;11
91;87
20;5
79;52
31;91
56;77
83;42
13;49
32;34
90;8
80;34
45;71
61;95
96;5
57;46
97;90
41;88
63;26
83;52
20;19
81;70
3;20
8;99
3;38
58;49
11;26
74;24
92;13
33;83
20;97
45;53
88;54
58;9
51;80
32;73
50;70
91;80
88;48
55;30
1;92
97;69
95;46
29;50
40;97
68;96
22;89
65;40
85;77
83;24
41;17
79;76
49;85
22;3
62;5
81;90
47;39
34;94
81;41
17;2
57;91
19;28
88;88
67;16
57;34
66;43
43;47
66;55
75;64
25;2
20;15
49;70
82;8
65;34
76;89
35;48
28;61
51;45
40;3
2;36
43;7
80;96
79;50
88;63
14;93
98;6
54;19
2;40
89;1
8;1
3;13
19;50
91;10
72;9
62;4
26;80
80;4
39;47
40;11
22;7
27;78
85;16
69;65
69;26
17;44
8;91
66;44
10;88
41;29
78;57
7;11
99;70
81;32
58;72
77;15
79;75
54;76
4;19
78;7
5;35
96;91
92;37
79;75
2;66
75;87
97;44
74;35
16;27
81;43
94;1
98;33
26;37
52;35
4;57
33;94
14;94
7;89
37;44
46;2
10;25
99;95
26;66
47;26
38;22
40;47
68;72
23;46
41;14
81;88
68;97
28;27
10;14
25;35
30;51
87;21
93;71
18;48
100;99
76;22
22;77
26;98
90;60
42;18
38;39
33;40
70;67
64;17
1;40
40;52
26;28
12;80
100;65
78;4
19;90
64;69
10;43
11;12
74;25
57;65
36;80
45;27
94;34
70;57
57;66
14;7
3;45
76;63
78;45
34;5
85;74
49;30
51;15
43;52
45;48
21;40
57;91
13;74
30;32
75;29
49;56
100;48
65;37
6;53
74;83
20;90
82;21
50;30
74;84
41;2
19;10
76;41
23;28
45;8
77;52
31;93
90;82
94;87
75;34
47;92
64;74
68;53
7;69
61;22
27;33
15;33
38;97
37;31
79;79
67;51
24;14
97;77
21;65
54;47
67;69
84;61
39;7
75;20
100;85
38;31
66;3
74;71
55;26
74;60
80;49
85;97
40;6
26;99
76;63
18;11
24;23
46;29
14;76
37;30
66;21
31;35
11;100
51;50
2;58
21;64
81;99
8;89
71;45
97;29
99;61
64;73
98;19
47;55
6;92
56;95
11;99
9;50
20;90
94;61
49;22
39;68
64;43
82;89
41;1
40;63
44;27
12;60
20;37
44;45
47;47
38;48
27;11
87;21
99;77
46;1
28;62
58;43
83;49
11;7
86;72
95;42
49;62
47;47
37;44
64;95
44;1
11;21
4;96
2;8
47;34
92;58
26;30
61;54
1;3
31;73
58;86
26;68
52;88
90;75
28;75
2;55
2;2
32;34
79;94
21;60
2;42
50;10
43;47
3;62
1;89
31;71
57;5
63;25
54;62
89;2
56;89
49;56
52;42
52;75
57;19
51;26
82;60
47;54
44;96
94;27
69;15
13;47
20;3
75;20
41;93
18;18
63;68
37;51
28;100
14;39
48;67
61;43
58;84
64;87
29;22
7;96
63;25
73;92
92;4
66;82
16;10
20;65
9;20
37;55
90;58
11;33
32;39
58;99
69;26
60;2
5;70
61;94
78;51
80;63
24;73
12;97
53;88
48;73
71;96
48;24
78;80
67;32
79;10
25;19
99;33
96;39
46;76
57;95
12;13
75;24
93;55
64;72
17;68
86;2
47;80
11;49
6;29
82;54
26;4
42;52
81;45
75;68
28;87
21;2
85;96
76;12
65;5
11;18
65;58
40;51
92;65
3;87
87;72
22;82
63;25
79;21
64;11
82;98
69;70
63;28
25;13
26;68
13;69
49;69
90;37
63;52
50;12
71;40
98;9
74;17
99;25
82;2
73;46
94;100
83;3
57;81
75;14
66;99
14;40
30;93
90;66
31;1
11;45
85;42
99;69
40;44
72;60
72;98
43;39
72;34
38;4
89;94
48;93
39;90
53;100
80;73
64;8
41;38
68;31
62;58
5;40
74;27
94;61
97;56
31;14
58;36
29;65
59;51
35;90
8;81
74;16
47;95
97;37
83;12
99;9
99;37
42;84
79;7
94;74
75;23
54;98
19;46
97;2
81;3
75;70
97;47
52;74
10;55
6;4
73;21
7;28
56;68
87;88
18;35
47;67
67;3
85;52
85;10
100;41
40;82
62;31
6;31
69;29
36;33
49;29
68;10
22;53
38;81
94;80
61;98
48;3
42;99
18;69
77;37
40;47
56;22
54;20
40;99
58;34
36;30
48;87
26;32
37;3
91;17
55;66
10;7
99;52
29;82
5;38
39;81
31;4
40;58
97;73
34;49
33;41
12;87
79;100
100;97
82;76
18;27
39;67
49;16
10;33
49;77
2;85
82;15
38;34
59;4
76;64
44;60
33;78
68;33
16;53
26;25
96;52
74;71
18;7
27;81
71;42
60;37
36;88
73;75
73;57
29;36
87;80
20;65
80;64
92;43
59;13
31;64
6;37
91;93
7;36
53;59
46;98
3;56
67;77
35;32
2;2
74;76
77;22
37;40
20;78
42;13
35;94
51;20
76;84
84;98
35;42
65;11
61;77
25;29
95;49
16;76
47;8
24;72
73;77
7;6
52;61
22;67
23;24
83;6
34;58
18;33
77;97
6;13
64;66
48;37
79;95
71;50
78;61
32;58
30;93
65;93
27;70
50;75
94;92
55;13
55;53
26;60
79;99
69;4
57;9
79;48
52;45
70;52
88;45
69;44
60;19
67;6
58;3
19;27
65;56
68;67
17;37
87;6
67;74
15;30
90;31
25;81
5;52
18;55
27;45
7;51
49;30
31;44
20;26
11;89
73;50
96;22
12;80
37;34
50;89
