67;38
76;68
79;22
93;47
34;2
54;87
95;49
3;65
100;37
62;37
16;19
33;77
27;80
44;75
27;88
9;69
6;7
25;5
53;75
70;64
54;94
66;2
28;11
97;87
28;86
93;19
55;56
60;6
26;20
24;32
58;33
50;55
99;87
81;83
75;3
15;11
47;93
58;76
50;76
57;36
4;59
75;99
97;89
83;8
99;71
83;13
18;20
20;39
53;10
36;47
96;89
30;30
40;47
25;27
87;75
39;2
96;40
64;6
13;96
19;49
47;7
90;72
63;70
28;67
78;64
32;100
96;82
40;72
20;51
74;63
98;2
6;28
90;16
31;12
50;77
57;11
47;76
58;5
39;8
33;19
23;94
21;6
38;30
23;4
17;5
59;87
35;31
97;60
45;71
63;82
33;41
79;54
94;11
65;12
4;57
28;26
96;61
91;5
14;25
48;90
100;97
18;99
69;15
79;91
7;55
36;63
41;76
70;32
93;75
6;32
87;39
57;90
95;61
87;53
76;81
14;23
3;60
1;59
85;19
94;46
16;9
14;91
95;1
27;8
78;88
28;32
39;13
52;56
50;71
31;52
22;37
40;34
80;35
96;92
64;77
93;61
89;56
54;1
66;80
9;82
86;89
89;68
46;24
24;87
100;43
50;72
93;5
86;53
25;41
2;77
68;49
57;62
4;86
42;24
30;5
89;11
56;18
52;20
87;14
4;16
42;50
26;54
69;35
94;24
46;54
4;53
47;10
10;65
28;19
49;13
34;9
78;79
47;3
6;55
35;30
3;29
55;12
33;47
29;76
70;46
10;10
26;62
10;22
48;77
78;90
7;1
57;72
88;33
22;71
70;83
89;12
26;64
100;68
53;76
48;94
68;21
11;26
20;72
23;51
95;55
46;43
100;22
43;91
7;12
1;34
41;95
82;83
57;24
80;83
57;23
10;70
35;58
89;7
16;48
48;14
97;25
97;52
47;79
10;43
31;18
7;63
68;16
17;89
25;31
93;7
45;8
80;18
76;56
77;47
15;8
2;20
63;63
58;96
12;67
91;87
65;54
24;26
71;53
63;35
29;13
54;37
81;98
75;2
90;75
64;7
15;33
86;56
48;2
48;67
22;81
50;70
75;6
53;19
10;94
50;33
25;1
40;31
9;11
98;93
8;2
72;78
74;28
77;15
74;41
94;100
63;28
53;26
38;47
44;25
22;2
56;37
80;63
7;27
32;83
31;36
91;58
39;66
82;23
66;5
80;41
54;79
4;94
91;25
64;96
32;70
10;53
22;10
97;33
39;93
49;2
12;31
78;24
59;46
43;63
69;54
96;11
61;45
91;33
7;11
82;52
